0,0,0,0,0,no obj,0.1,1
1,0,0,0,0,no obj,0.1,1
2,0,0,0,0,no obj,0.1,1
3,0,0,0,0,no obj,0.1,1
4,0,0,0,0,no obj,0.1,1
5,0.6246574521064758,0.5160637497901917,0.07030236721038818,0.09684443473815918,3,0.5176737308502197,1
6,0.6233078241348267,0.5119343996047974,0.0795966386795044,0.10274326801300049,3,0.4631679952144623,1
7,0,0,0,0,no obj,0.1,1
8,0,0,0,0,no obj,0.1,1
9,0.6286506652832031,0.49124425649642944,0.2331622838973999,0.13143223524093628,3,0.48618513345718384,1
10,0,0,0,0,no obj,0.1,1
11,0,0,0,0,no obj,0.1,1
12,0,0,0,0,no obj,0.1,1
13,0.6359761953353882,0.5027135014533997,0.11807596683502197,0.1071290373802185,3,0.4094541370868683,1
14,0,0,0,0,no obj,0.1,1
15,0,0,0,0,no obj,0.1,1
16,0,0,0,0,no obj,0.1,1
17,0.6335306167602539,0.48527273535728455,0.27240920066833496,0.14083173871040344,3,0.41055989265441895,1
18,0,0,0,0,no obj,0.1,1
19,0,0,0,0,no obj,0.1,1
20,0,0,0,0,no obj,0.1,1
21,0,0,0,0,no obj,0.1,1
22,0,0,0,0,no obj,0.1,1
23,0,0,0,0,no obj,0.1,1
24,0,0,0,0,no obj,0.1,1
25,0,0,0,0,no obj,0.1,1
26,0.6629907488822937,0.4942171275615692,0.12554538249969482,0.11356726288795471,3,0.4370032846927643,1
27,0.652873694896698,0.4979361891746521,0.13284099102020264,0.12739956378936768,3,0.7730870246887207,1
28,0,0,0,0,no obj,0.1,1
29,0,0,0,0,no obj,0.1,1
30,0,0,0,0,no obj,0.1,1
31,0,0,0,0,no obj,0.1,1
32,0,0,0,0,no obj,0.1,1
33,0.6552961468696594,0.49425825476646423,0.3067713975906372,0.13022580742835999,3,0.5856494307518005,1
34,0.6593279838562012,0.4947810769081116,0.16025471687316895,0.12118858098983765,3,0.9734085202217102,1
35,0.6561835408210754,0.48728451132774353,0.34381645917892456,0.13988450169563293,3,0.4958052933216095,1
36,0.6608701348304749,0.496526300907135,0.1008462905883789,0.09142273664474487,3,0.6659756302833557,1
36,0.858798086643219,0.6251499056816101,0.13647878170013428,0.29468560218811035,3,0.6259359121322632,1
37,0,0,0,0,no obj,0.1,1
38,0,0,0,0,no obj,0.1,1
39,0,0,0,0,no obj,0.1,1
40,0.6356014013290405,0.5103145241737366,0.08557426929473877,0.10801398754119873,3,0.5406994223594666,1
41,0.6513223052024841,0.4853599965572357,0.1325838565826416,0.1246846616268158,3,0.669203519821167,1
42,0,0,0,0,no obj,0.1,1
43,0,0,0,0,no obj,0.1,1
44,0.6894131302833557,0.47953686118125916,0.11596202850341797,0.09907934069633484,3,0.7040645480155945,1
45,0,0,0,0,no obj,0.1,1
46,0,0,0,0,no obj,0.1,1
47,0.6451328992843628,0.5383357405662537,0.07691037654876709,0.08551853895187378,3,0.5505219101905823,1
48,0,0,0,0,no obj,0.1,1
49,0,0,0,0,no obj,0.1,1
50,0,0,0,0,no obj,0.1,1
51,0,0,0,0,no obj,0.1,1
52,0,0,0,0,no obj,0.1,1
53,0,0,0,0,no obj,0.1,1
54,0,0,0,0,no obj,0.1,1
55,0.6529510617256165,0.5399858951568604,0.07685363292694092,0.08633846044540405,3,0.4356061518192291,1
56,0,0,0,0,no obj,0.1,1
57,0,0,0,0,no obj,0.1,1
58,0,0,0,0,no obj,0.1,1
59,0.6559800505638123,0.5386431813240051,0.07442605495452881,0.09143257141113281,3,0.4820100665092468,1
60,0.6563978791236877,0.5412997007369995,0.07945215702056885,0.08907341957092285,3,0.9691097140312195,1
61,0.6184378862380981,0.548114538192749,0.10459423065185547,0.08231407403945923,3,0.8030499815940857,1
62,0.605417013168335,0.5526121854782104,0.09188199043273926,0.08346313238143921,3,0.4842372238636017,1
62,0.6515793800354004,0.5439551472663879,0.08191132545471191,0.0848652720451355,3,0.4792152941226959,1
63,0,0,0,0,no obj,0.1,1
64,0,0,0,0,no obj,0.1,1
65,0.6578154563903809,0.5451993346214294,0.08211266994476318,0.08532905578613281,3,0.9293482899665833,1
66,0.6576573252677917,0.5425382256507874,0.08367955684661865,0.0875973105430603,3,0.9265516996383667,1
67,0,0,0,0,no obj,0.1,1
68,0,0,0,0,no obj,0.1,1
69,0,0,0,0,no obj,0.1,1
70,0,0,0,0,no obj,0.1,1
71,0.6696086525917053,0.5465177893638611,0.07902407646179199,0.08587729930877686,3,0.6190706491470337,1
72,0,0,0,0,no obj,0.1,1
73,0,0,0,0,no obj,0.1,1
74,0,0,0,0,no obj,0.1,1
75,0.6731165051460266,0.5487493276596069,0.07572615146636963,0.08843839168548584,3,0.9535587430000305,1
76,0.6723745465278625,0.5623998045921326,0.08286464214324951,0.08284592628479004,3,0.8457902073860168,1
77,0,0,0,0,no obj,0.1,1
78,0.6750661730766296,0.5600441694259644,0.08297765254974365,0.08107483386993408,3,0.9622130393981934,1
79,0.6755876541137695,0.5576865077018738,0.08160018920898438,0.08064842224121094,3,0.8408839106559753,1
80,0,0,0,0,no obj,0.1,1
81,0,0,0,0,no obj,0.1,1
82,0,0,0,0,no obj,0.1,1
83,0,0,0,0,no obj,0.1,1
84,0,0,0,0,no obj,0.1,1
85,0.6772286295890808,0.5513147711753845,0.08354473114013672,0.08926910161972046,3,0.7635506391525269,1
86,0,0,0,0,no obj,0.1,1
87,0.6856033205986023,0.5508955717086792,0.07812821865081787,0.08809071779251099,3,0.8933635950088501,1
87,0.4389191269874573,0.5435364842414856,0.09880703687667847,0.07710134983062744,3,0.7244687080383301,1
88,0.6840612292289734,0.5512312054634094,0.0777122974395752,0.09258216619491577,3,0.8707445859909058,1
89,0.6848303079605103,0.5487621426582336,0.07916784286499023,0.09025388956069946,3,0.5523708462715149,1
90,0.6892911791801453,0.5477375984191895,0.0804358720779419,0.08633244037628174,3,0.7483828663825989,1
91,0.686765730381012,0.5540259480476379,0.07603585720062256,0.08690053224563599,3,0.7128898501396179,1
92,0.6102385520935059,0.5540964603424072,0.08171045780181885,0.0870901346206665,3,0.9779835343360901,1
92,0.6861569881439209,0.5488089323043823,0.08325552940368652,0.0932619571685791,3,0.8030498623847961,1
93,0.6108906865119934,0.5561631917953491,0.08115518093109131,0.08633214235305786,3,0.9271767139434814,1
94,0,0,0,0,no obj,0.1,1
95,0.6907712817192078,0.5481616258621216,0.08129429817199707,0.0958133339881897,3,0.8114291429519653,1
96,0,0,0,0,no obj,0.1,1
97,0.6929787397384644,0.551361083984375,0.07884752750396729,0.09291690587997437,3,0.9011439085006714,1
97,0.6123340725898743,0.5629465579986572,0.08456408977508545,0.07956600189208984,3,0.8866114616394043,1
98,0.6107483506202698,0.5678275227546692,0.09013402462005615,0.08061379194259644,3,0.9327414035797119,1
98,0.696192741394043,0.5480697154998779,0.08323705196380615,0.10327154397964478,3,0.8981180191040039,1
99,0.6127517223358154,0.5615437030792236,0.0902855396270752,0.08333086967468262,3,0.9403570294380188,1
99,0.6935638785362244,0.5492170453071594,0.0825796127319336,0.10068225860595703,3,0.8986256122589111,1
