0,0.6953209638595581,0.4899608790874481,0.30102455615997314,0.3836802542209625,3,0.9969779253005981,1
1,0.695730447769165,0.5020516514778137,0.30426955223083496,0.39161545038223267,3,0.9948583841323853,1
2,0.7122625112533569,0.49588340520858765,0.2848224639892578,0.41729241609573364,3,0.9934804439544678,1
3,0.7110620737075806,0.5036690831184387,0.2832958698272705,0.4167541265487671,3,0.9953033924102783,1
4,0.715735673904419,0.5031277537345886,0.2775990962982178,0.42918509244918823,3,0.9981734752655029,1
5,0.7260299324989319,0.49463263154029846,0.2665367126464844,0.44005945324897766,3,0.9965633749961853,1
6,0.7212989330291748,0.5004878640174866,0.27501606941223145,0.4436935782432556,3,0.9967408776283264,1
7,0.7211452722549438,0.49978774785995483,0.27491724491119385,0.4508722424507141,3,0.99713134765625,1
8,0.7296346426010132,0.4940531551837921,0.26892387866973877,0.4545842707157135,3,0.996515154838562,1
9,0.7355294823646545,0.49446815252304077,0.26412534713745117,0.4538807272911072,3,0.995790958404541,1
10,0.7309798002243042,0.4974216818809509,0.2688192129135132,0.4608958959579468,3,0.9935120940208435,1
11,0.7307319641113281,0.5010536313056946,0.2663525342941284,0.4438943862915039,3,0.9959361553192139,1
12,0.7399495244026184,0.49061310291290283,0.257060170173645,0.4692719578742981,3,0.9891138076782227,1
13,0.7375130653381348,0.4960172474384308,0.2551276683807373,0.44332411885261536,3,0.9954407215118408,1
14,0.7453281879425049,0.49292460083961487,0.2512171268463135,0.4482804238796234,3,0.9972098469734192,1
15,0.7492555975914001,0.48714542388916016,0.24590075016021729,0.4508315324783325,3,0.9977055191993713,1
16,0.753765344619751,0.4884018301963806,0.2380383014678955,0.4462534785270691,3,0.996976375579834,1
17,0.6688263416290283,0.49247318506240845,0.32723963260650635,0.43007469177246094,3,0.8012890815734863,1
18,0.7614501118659973,0.47959285974502563,0.23753488063812256,0.4400988817214966,3,0.9958813190460205,1
19,0.763096272945404,0.48170360922813416,0.23105978965759277,0.4578957259654999,3,0.9980759620666504,1
20,0.7729684710502625,0.4836075007915497,0.22035300731658936,0.43793192505836487,3,0.9976966977119446,1
21,0.6107900142669678,0.485524445772171,0.3787318468093872,0.41763821244239807,3,0.8792396187782288,1
22,0.7777686715126038,0.492291659116745,0.22047626972198486,0.41167208552360535,3,0.99752277135849,1
23,0.7748018503189087,0.486959308385849,0.22197198867797852,0.41932937502861023,3,0.955425500869751,1
23,0.5258418321609497,0.49798160791397095,0.4653024673461914,0.410211443901062,3,0.6829932928085327,1
24,0.786087155342102,0.4956604540348053,0.2116103172302246,0.4035530388355255,3,0.9976454377174377,1
25,0.7947964668273926,0.4927249550819397,0.20060765743255615,0.4329969882965088,3,0.9961541295051575,1
26,0.8008003234863281,0.49827614426612854,0.19431078433990479,0.43078604340553284,3,0.9928920269012451,1
27,0.7919670343399048,0.4988509714603424,0.2002546787261963,0.40242668986320496,3,0.9247083067893982,1
27,0.498511403799057,0.5001328587532043,0.4833884537220001,0.43062639236450195,3,0.5121679902076721,1
28,0.8084782958030701,0.5049121379852295,0.18616759777069092,0.40269017219543457,3,0.9805918335914612,1
29,0.7945709228515625,0.5060094594955444,0.1983487606048584,0.42780256271362305,3,0.9247106313705444,1
29,0.5123797059059143,0.5260952115058899,0.47473061084747314,0.41680896282196045,3,0.46872493624687195,1
30,0.8182500004768372,0.5181757807731628,0.17916738986968994,0.42247092723846436,3,0.9908339381217957,1
31,0.8224906921386719,0.5286579728126526,0.17150938510894775,0.407463014125824,3,0.9000874757766724,1
32,0.5283188819885254,0.5227535367012024,0.4609628915786743,0.4264788031578064,3,0.8003855347633362,1
33,0.8350477814674377,0.5480030179023743,0.16135096549987793,0.39584922790527344,3,0.905224621295929,1
34,0.8400728106498718,0.5728548765182495,0.15490257740020752,0.36998051404953003,3,0.988949179649353,1
35,0.8503878116607666,0.5837230086326599,0.14807093143463135,0.37795305252075195,3,0.9878954887390137,1
36,0.8550899028778076,0.6098621487617493,0.14005780220031738,0.3420158624649048,3,0.9912739396095276,1
37,0.8588308095932007,0.6109216809272766,0.13788771629333496,0.3517534136772156,3,0.9674853682518005,1
38,0.8698053956031799,0.6222583651542664,0.12604236602783203,0.34264421463012695,3,0.9958196878433228,1
39,0.8817892074584961,0.6368258595466614,0.11361193656921387,0.33070123195648193,3,0.9946019649505615,1
40,0.885412871837616,0.6322147846221924,0.10944056510925293,0.3430602550506592,3,0.9890066385269165,1
41,0,0,0,0,no obj,0.1,1
42,0.9088717699050903,0.6534193158149719,0.08975827693939209,0.34551626443862915,3,0.9432492256164551,1
43,0.9171356558799744,0.6566144824028015,0.0819084644317627,0.32904142141342163,3,0.9751089811325073,1
44,0.9351692199707031,0.6614612340927124,0.06358730792999268,0.3384690284729004,3,0.9259268045425415,1
45,0.9309549927711487,0.6787737607955933,0.06658482551574707,0.3057595491409302,3,0.9751161336898804,1
46,0.9408676028251648,0.6836223006248474,0.05774569511413574,0.286445677280426,3,0.8575031757354736,1
47,0,0,0,0,no obj,0.1,1
48,0.6446346044540405,0.5331286787986755,0.08102548122406006,0.08799183368682861,3,0.9206989407539368,1
49,0.6461672782897949,0.5400006175041199,0.08036315441131592,0.08248192071914673,3,0.8711127638816833,1
50,0.651014506816864,0.5303642153739929,0.07360243797302246,0.09236490726470947,3,0.9486481547355652,1
51,0,0,0,0,no obj,0.1,1
52,0.6433079838752747,0.5354396104812622,0.0859842300415039,0.0884053111076355,3,0.9711733460426331,1
53,0,0,0,0,no obj,0.1,1
54,0,0,0,0,no obj,0.1,1
55,0.6563893556594849,0.537330150604248,0.07577764987945557,0.08617860078811646,3,0.9686043858528137,1
56,0.6489413976669312,0.5431296825408936,0.08357501029968262,0.08174067735671997,3,0.9824929237365723,1
57,0.6537332534790039,0.5415533185005188,0.07914102077484131,0.08567500114440918,3,0.9826997518539429,1
58,0.6559045314788818,0.538858950138092,0.0783548355102539,0.08973205089569092,3,0.9833479523658752,1
59,0.6518151760101318,0.5388147234916687,0.08012616634368896,0.08839297294616699,3,0.9895761013031006,1
60,0,0,0,0,no obj,0.1,1
61,0,0,0,0,no obj,0.1,1
62,0.6552049517631531,0.5449532270431519,0.08139216899871826,0.07999324798583984,3,0.9880810976028442,1
63,0.6584523916244507,0.5403574705123901,0.07894277572631836,0.08638745546340942,3,0.9853775501251221,1
64,0,0,0,0,no obj,0.1,1
65,0.6600911617279053,0.5391801595687866,0.08041250705718994,0.08322018384933472,3,0.990153968334198,1
66,0.6636102199554443,0.5307495594024658,0.07708740234375,0.09203505516052246,3,0.9658127427101135,1
67,0.6626546382904053,0.5415629744529724,0.07867729663848877,0.08368343114852905,3,0.9732850790023804,1
68,0.6617262959480286,0.5405240058898926,0.07940733432769775,0.0871008038520813,3,0.9875524044036865,1
69,0.6636556386947632,0.5312275290489197,0.08098697662353516,0.09512603282928467,3,0.9830150604248047,1
70,0.6664327383041382,0.534783661365509,0.07702171802520752,0.09363842010498047,3,0.9574217796325684,1
71,0.6688288450241089,0.5386488437652588,0.07644319534301758,0.09315615892410278,3,0.9628846645355225,1
72,0.6676721572875977,0.534321129322052,0.0767371654510498,0.09789353609085083,3,0.9834058284759521,1
73,0.6644401550292969,0.544751763343811,0.07882308959960938,0.08632701635360718,3,0.5488297343254089,1
74,0.6676959991455078,0.5406632423400879,0.07633054256439209,0.08999371528625488,3,0.9011026620864868,1
75,0.6667910814285278,0.5414474606513977,0.07807672023773193,0.09112471342086792,3,0.460765540599823,1
76,0,0,0,0,no obj,0.1,1
77,0,0,0,0,no obj,0.1,1
78,0,0,0,0,no obj,0.1,1
79,0,0,0,0,no obj,0.1,1
80,0.6762621998786926,0.548676609992981,0.07702398300170898,0.09321361780166626,3,0.7852216958999634,1
81,0,0,0,0,no obj,0.1,1
82,0.673699140548706,0.5437000393867493,0.07861173152923584,0.09489238262176514,3,0.8476226925849915,1
83,0.6779482364654541,0.5430377721786499,0.07588803768157959,0.08941209316253662,3,0.9190559983253479,1
84,0,0,0,0,no obj,0.1,1
85,0.6733723282814026,0.5451143383979797,0.07890844345092773,0.08970022201538086,3,0.8483887910842896,1
86,0.6753036975860596,0.5458853840827942,0.08090341091156006,0.08935558795928955,3,0.9632853865623474,1
87,0.6053963303565979,0.5515637993812561,0.07787656784057617,0.08418422937393188,3,0.9820693731307983,1
87,0.6783461570739746,0.5483107566833496,0.0785607099533081,0.09033000469207764,3,0.9524624347686768,1
88,0.606054425239563,0.5555722713470459,0.07839775085449219,0.08443742990493774,3,0.9917677640914917,1
88,0.6842291951179504,0.548193633556366,0.07844316959381104,0.09127151966094971,3,0.48659664392471313,1
89,0.6101037263870239,0.5560342669487,0.07830941677093506,0.08624011278152466,3,0.8546183109283447,1
89,0.6797226667404175,0.5439737439155579,0.08024787902832031,0.09685355424880981,3,0.8184518814086914,1
90,0.6070917844772339,0.5516102910041809,0.07747161388397217,0.08426517248153687,3,0.9785153865814209,1
90,0.6866317391395569,0.5453708171844482,0.07608819007873535,0.08917099237442017,3,0.6105028390884399,1
91,0.6067089438438416,0.5510015487670898,0.07857763767242432,0.0880168080329895,3,0.9885239005088806,1
91,0.6885316967964172,0.5440249443054199,0.07206058502197266,0.09136784076690674,3,0.7071574330329895,1
92,0.6100381016731262,0.5546727776527405,0.07876181602478027,0.08515465259552002,3,0.9909300208091736,1
92,0.6615040898323059,0.5380623936653137,0.10676062107086182,0.10106402635574341,3,0.5795015692710876,1
93,0.6117249131202698,0.5530263781547546,0.07673108577728271,0.08473819494247437,3,0.9839515686035156,1
93,0.6880927681922913,0.539075493812561,0.08147883415222168,0.09921282529830933,3,0.8336052298545837,1
94,0.6103597283363342,0.5525898933410645,0.08078670501708984,0.08903145790100098,3,0.9881191849708557,1
94,0.6609223484992981,0.5420358777046204,0.10496079921722412,0.09547877311706543,3,0.6773070693016052,1
95,0.6107610464096069,0.5534366965293884,0.0819399356842041,0.08891266584396362,3,0.9927781224250793,1
95,0.6573895812034607,0.5429727435112,0.10979282855987549,0.0954555869102478,3,0.8257142901420593,1
96,0.6127309799194336,0.5540376901626587,0.08215868473052979,0.09014236927032471,3,0.992732584476471,1
96,0.6699960827827454,0.5418089032173157,0.09713208675384521,0.09910142421722412,3,0.8490340113639832,1
97,0.6109867691993713,0.549549400806427,0.08339321613311768,0.09414386749267578,3,0.9939275979995728,1
97,0.6874728798866272,0.5482881665229797,0.08185398578643799,0.0911628007888794,3,0.8719781041145325,1
98,0.612054705619812,0.552150547504425,0.08665478229522705,0.09653371572494507,3,0.9914839863777161,1
98,0.6642058491706848,0.5443194508552551,0.10323905944824219,0.09706300497055054,3,0.7950340509414673,1
99,0.6129607558250427,0.5542957782745361,0.08737218379974365,0.09328216314315796,3,0.9808533191680908,1
99,0.6545535326004028,0.5435195565223694,0.11548411846160889,0.10005366802215576,3,0.9140281677246094,1
