0,0.6942660212516785,0.49706703424453735,0.30573397874832153,0.39009010791778564,3,0.9807242155075073,1
1,0.6994845271110535,0.49849236011505127,0.30051547288894653,0.3917458653450012,3,0.9798306226730347,1
2,0.7082465887069702,0.5056857466697693,0.28869879245758057,0.4072946310043335,3,0.9974600672721863,1
3,0.7163227200508118,0.4999050498008728,0.2819415330886841,0.4192482829093933,3,0.9885768294334412,1
4,0.7141947746276855,0.5180752277374268,0.28210413455963135,0.38665544986724854,3,0.9668325781822205,1
5,0.7082972526550293,0.4951670467853546,0.2835879325866699,0.4284845292568207,3,0.9906766414642334,1
6,0.7184088826179504,0.5028122067451477,0.2792619466781616,0.4228626489639282,3,0.9923015832901001,1
7,0.7274959087371826,0.5143587589263916,0.2669764757156372,0.41574984788894653,3,0.9792568683624268,1
8,0.7258243560791016,0.5017485618591309,0.27417564392089844,0.43928736448287964,3,0.9843664169311523,1
9,0.7290439605712891,0.49777549505233765,0.27095603942871094,0.4345066547393799,3,0.9968159794807434,1
9,0.6254434585571289,0.4967941641807556,0.12151765823364258,0.09928399324417114,3,0.721339762210846,1
10,0.7326095700263977,0.4993587136268616,0.2673904299736023,0.4168694019317627,3,0.9603675603866577,1
10,0.6230126619338989,0.4999088644981384,0.10340070724487305,0.09901469945907593,3,0.7987726926803589,1
11,0.7347482442855835,0.4972045123577118,0.2609848976135254,0.43272098898887634,3,0.9388793110847473,1
11,0.526836097240448,0.49628883600234985,0.46423113346099854,0.4295068383216858,3,0.5128801465034485,1
12,0.7406133413314819,0.567693293094635,0.25821590423583984,0.3731037974357605,3,0.9476250410079956,1
13,0.7517178058624268,0.5109231472015381,0.240401029586792,0.4094056487083435,3,0.9698840975761414,1
14,0.7517775893211365,0.4862460196018219,0.24031245708465576,0.4261898100376129,3,0.93505859375,1
15,0.5696837306022644,0.470464825630188,0.41365742683410645,0.41268742084503174,3,0.7159857153892517,1
16,0.7557185292243958,0.5228617787361145,0.23300814628601074,0.395691454410553,3,0.5555645227432251,1
17,0.7611950635910034,0.47701582312583923,0.22903704643249512,0.4305711090564728,3,0.99411940574646,1
18,0.7764806151390076,0.47225677967071533,0.22217047214508057,0.4669843316078186,3,0.9898678064346313,1
19,0.7701283693313599,0.48306724429130554,0.22280120849609375,0.4223897159099579,3,0.9969137907028198,1
20,0.7744278311729431,0.46492519974708557,0.2187272310256958,0.44894126057624817,3,0.9936161041259766,1
20,0.7867574095726013,0.4903531074523926,0.20396089553833008,0.2253440022468567,3,0.6211681962013245,1
21,0.7803664207458496,0.47021475434303284,0.2065114974975586,0.43299517035484314,3,0.9968400001525879,1
22,0.7832798957824707,0.4878210425376892,0.21212780475616455,0.41091644763946533,3,0.9769256114959717,1
23,0.7882969379425049,0.4914611279964447,0.2093651294708252,0.42165014147758484,3,0.9466271996498108,1
24,0.7928825616836548,0.4783889949321747,0.2051481008529663,0.4049573838710785,3,0.9681198000907898,1
25,0.800046443939209,0.49862760305404663,0.19488263130187988,0.41060304641723633,3,0.9634506702423096,1
26,0,0,0,0,no obj,0.1,1
27,0.8066736459732056,0.4963206648826599,0.1908808946609497,0.4147155284881592,3,0.885107696056366,1
28,0.815630316734314,0.49145233631134033,0.18304002285003662,0.418890118598938,3,0.9772725105285645,1
29,0.5035356283187866,0.4875698685646057,0.49282944202423096,0.4266246557235718,3,0.51198410987854,1
30,0.8203334212303162,0.5044234991073608,0.1780472993850708,0.40583258867263794,3,0.9437538385391235,1
31,0.5356794595718384,0.5187307596206665,0.4569573402404785,0.4031718969345093,3,0.6352413296699524,1
32,0.8452551364898682,0.5172002911567688,0.15302002429962158,0.40712398290634155,3,0.6584102511405945,1
33,0.8480044007301331,0.5524265766143799,0.15199559926986694,0.39750880002975464,3,0.9779024720191956,1
34,0.8545762896537781,0.5673845410346985,0.13871347904205322,0.38037681579589844,3,0.694714367389679,1
34,0.4781925082206726,0.5193085670471191,0.5218074917793274,0.4204460382461548,3,0.3469584882259369,1
35,0.8544606566429138,0.5842963457107544,0.14553934335708618,0.35704678297042847,3,0.7035648226737976,1
36,0.845376193523407,0.5630494356155396,0.15281713008880615,0.3887316584587097,3,0.6971213221549988,1
37,0.8669235110282898,0.6148970127105713,0.1330764889717102,0.33328115940093994,3,0.4220214784145355,1
37,0.44490331411361694,0.5730252861976624,0.5550966858863831,0.39074599742889404,3,0.3620879054069519,1
38,0.8740668296813965,0.6275489926338196,0.12167656421661377,0.31231868267059326,3,0.8578429818153381,1
39,0.8762585520744324,0.6293609142303467,0.11970651149749756,0.3405604362487793,3,0.9860878586769104,1
40,0.8852952718734741,0.6538836359977722,0.11143529415130615,0.3136445879936218,3,0.9315105080604553,1
41,0.8957028388977051,0.6425484418869019,0.10092949867248535,0.3381829857826233,3,0.9157088398933411,1
42,0,0,0,0,no obj,0.1,1
43,0,0,0,0,no obj,0.1,1
44,0.9329603910446167,0.6566095948219299,0.0670396089553833,0.32802969217300415,3,0.9034835696220398,1
45,0.9395759701728821,0.6615793704986572,0.060332417488098145,0.33782631158828735,3,0.4746738076210022,1
46,0.9438908696174622,0.6717866063117981,0.05512690544128418,0.3094157576560974,3,0.4064734876155853,1
47,0,0,0,0,no obj,0.1,1
48,0.6498354077339172,0.5298259854316711,0.07563996315002441,0.09208756685256958,3,0.9452541470527649,1
49,0,0,0,0,no obj,0.1,1
50,0,0,0,0,no obj,0.1,1
51,0,0,0,0,no obj,0.1,1
52,0,0,0,0,no obj,0.1,1
53,0,0,0,0,no obj,0.1,1
54,0,0,0,0,no obj,0.1,1
55,0,0,0,0,no obj,0.1,1
56,0.6518454551696777,0.5406243801116943,0.0788884162902832,0.0834084153175354,3,0.893963098526001,1
57,0,0,0,0,no obj,0.1,1
58,0,0,0,0,no obj,0.1,1
59,0,0,0,0,no obj,0.1,1
60,0.6565521359443665,0.5415477752685547,0.07885444164276123,0.08498859405517578,3,0.963235080242157,1
61,0.6571641564369202,0.5419002175331116,0.07885217666625977,0.08280956745147705,3,0.9809896349906921,1
62,0.6544895768165588,0.5361390113830566,0.08181524276733398,0.09158354997634888,3,0.977095365524292,1
63,0.6565074920654297,0.540130615234375,0.0829850435256958,0.08776402473449707,3,0.9907798767089844,1
64,0.6593999862670898,0.537984311580658,0.07849335670471191,0.08978211879730225,3,0.9911541938781738,1
65,0.6600379943847656,0.5403583645820618,0.07997429370880127,0.08633780479431152,3,0.9482463002204895,1
66,0.6627169847488403,0.5390161871910095,0.07672548294067383,0.08576339483261108,3,0.9903900623321533,1
67,0.6612080931663513,0.5408907532691956,0.08123648166656494,0.08894360065460205,3,0.9665361642837524,1
68,0.6629324555397034,0.5395923256874084,0.07890629768371582,0.09067177772521973,3,0.9594146013259888,1
69,0.663975179195404,0.5394020080566406,0.08075892925262451,0.08702224493026733,3,0.988796591758728,1
70,0.6638138294219971,0.5398021936416626,0.08011651039123535,0.0883331298828125,3,0.975067138671875,1
71,0,0,0,0,no obj,0.1,1
72,0.6689639091491699,0.5418562293052673,0.07629191875457764,0.08720451593399048,3,0.9556317329406738,1
73,0,0,0,0,no obj,0.1,1
74,0.666680634021759,0.548202395439148,0.07807755470275879,0.08531403541564941,3,0.932299792766571,1
75,0,0,0,0,no obj,0.1,1
76,0,0,0,0,no obj,0.1,1
77,0,0,0,0,no obj,0.1,1
78,0.6716093420982361,0.5521240234375,0.08054447174072266,0.08352595567703247,3,0.9054885506629944,1
79,0.6713531613349915,0.5507352352142334,0.08276021480560303,0.08622103929519653,3,0.957891047000885,1
80,0.6764056086540222,0.54981529712677,0.07776820659637451,0.08552730083465576,3,0.9185976386070251,1
81,0.6749788522720337,0.5490734577178955,0.07645666599273682,0.08574241399765015,3,0.7766048312187195,1
82,0.675151526927948,0.5460326075553894,0.07727742195129395,0.09241050481796265,3,0.6943076252937317,1
83,0.6760932207107544,0.5486347079277039,0.0794076919555664,0.0855298638343811,3,0.9808270931243896,1
84,0.602603554725647,0.5529934763908386,0.07651138305664062,0.0853530764579773,3,0.9923485517501831,1
85,0.6732593178749084,0.5468450784683228,0.08101749420166016,0.08846622705459595,3,0.8921874761581421,1
86,0.6784020066261292,0.5537607073783875,0.07861804962158203,0.08506923913955688,3,0.8835586905479431,1
87,0.6816787123680115,0.5466476678848267,0.07624626159667969,0.09031933546066284,3,0.9187352061271667,1
88,0.606010377407074,0.5587784647941589,0.08007073402404785,0.08566790819168091,3,0.9330988526344299,1
88,0.6877404451370239,0.5536455512046814,0.07562875747680664,0.08766144514083862,3,0.38768234848976135,1
89,0.6084477305412292,0.5577600002288818,0.0782250165939331,0.08422267436981201,3,0.7746490836143494,1
90,0.6067618727684021,0.5547650456428528,0.08077585697174072,0.08509111404418945,3,0.9848211407661438,1
90,0.6838307976722717,0.5499828457832336,0.08221256732940674,0.0869719386100769,3,0.9836681485176086,1
91,0.606589674949646,0.5544512271881104,0.08023285865783691,0.08511638641357422,3,0.9917341470718384,1
91,0.6842222213745117,0.5521550178527832,0.08215153217315674,0.08547604084014893,3,0.9810845851898193,1
92,0.6089733839035034,0.5569102764129639,0.07822906970977783,0.08599299192428589,3,0.9680984616279602,1
92,0.6880936622619629,0.5488027334213257,0.07786250114440918,0.09326726198196411,3,0.8493475317955017,1
93,0.6862069368362427,0.5388069152832031,0.07767331600189209,0.10337555408477783,3,0.9191280603408813,1
93,0.6144207715988159,0.5566087961196899,0.075569748878479,0.08668559789657593,3,0.8948745727539062,1
94,0.6109614968299866,0.5575745701789856,0.07723724842071533,0.08634066581726074,3,0.9886592626571655,1
94,0.6863440275192261,0.5378945469856262,0.08383500576019287,0.10207140445709229,3,0.878307044506073,1
95,0.6118110418319702,0.5550368428230286,0.07852733135223389,0.08804917335510254,3,0.9844493269920349,1
95,0.6891484260559082,0.5419024229049683,0.07969129085540771,0.09714311361312866,3,0.6965425610542297,1
96,0.6141577363014221,0.5560797452926636,0.0778120756149292,0.09117740392684937,3,0.9939197301864624,1
96,0.6779526472091675,0.547142744064331,0.09197580814361572,0.09438872337341309,3,0.7653656601905823,1
97,0.6108316779136658,0.5548193454742432,0.08218896389007568,0.09301024675369263,3,0.9897744655609131,1
97,0.6854519844055176,0.5503731966018677,0.08135378360748291,0.09101814031600952,3,0.5706069469451904,1
98,0.6147956848144531,0.5591548085212708,0.08372271060943604,0.09028768539428711,3,0.9864631295204163,1
98,0.6922486424446106,0.5499008297920227,0.08070206642150879,0.09602504968643188,3,0.7117896676063538,1
99,0.6189857125282288,0.5550569891929626,0.0778050422668457,0.08911716938018799,3,0.9774431586265564,1
99,0.6948037147521973,0.5481593012809753,0.0806509256362915,0.09252697229385376,3,0.45419514179229736,1
