[0] 0.252604	[0] 0.257932	1
[1] 0.371094	[1] 0.334879	2
[2] 0.383789	[2] 0.364924	3
[3] 0.415039	[3] 0.373022	4
[4] 0.416016	[4] 0.390505	5
[5] 0.432617	[5] 0.383914	6
[6] 0.456055	[6] 0.413083	7
[7] 0.435547	[7] 0.369671	8
[8] 0.428819	[8] 0.417919	9
[9] 0.441406	[9] 0.419218	10
[10] 0.432617	[10] 0.406410	11
[11] 0.461914	[11] 0.431406	12
[12] 0.435547	[12] 0.421655	13
[13] 0.450195	[13] 0.416867	14
[14] 0.469727	[14] 0.418938	15
[15] 0.593750	[15] 0.577163	16
[16] 0.626953	[16] 0.586477	17
[17] 0.631944	[17] 0.594929	18
[18] 0.639648	[18] 0.591687	19
[19] 0.628906	[19] 0.599964	20
[20] 0.622070	[20] 0.589414	21
[21] 0.581055	[21] 0.598638	22
[22] 0.629883	[22] 0.590293	23
[23] 0.629883	[23] 0.591687	24
[24] 0.650391	[24] 0.590054	25
[25] 0.631076	[25] 0.591053	26
[26] 0.634766	[26] 0.596234	27
[27] 0.604492	[27] 0.589894	28
[28] 0.601562	[28] 0.588075	29
[29] 0.635742	[29] 0.592248	30
[30] 0.723633	[30] 0.641804	31
[31] 0.683594	[31] 0.646254	32
[32] 0.712891	[32] 0.648777	33
[33] 0.747070	[33] 0.648697	34
[34] 0.712674	[34] 0.649279	35
[35] 0.727539	[35] 0.650615	36
[36] 0.743164	[36] 0.650356	37
[37] 0.739258	[37] 0.654347	38
[38] 0.741211	[38] 0.653253	39
[39] 0.765625	[39] 0.654006	40
[40] 0.760742	[40] 0.651335	41
[41] 0.738281	[41] 0.653173	42
[42] 0.754340	[42] 0.652644	43
[43] 0.735352	[43] 0.650236	44
[44] 0.762695	[44] 0.653712	45
[45] 0.735352	[45] 0.654808	46
[46] 0.759766	[46] 0.655611	47
[47] 0.760742	[47] 0.651643	48
[48] 0.758789	[48] 0.652174	49
[49] 0.740234	[49] 0.652414	50
[50] 0.765625	[50] 0.651342	51
[51] 0.728299	[51] 0.652554	52
[52] 0.745117	[52] 0.650456	53
[53] 0.747070	[53] 0.651062	54
[54] 0.770508	[54] 0.651275	55
[55] 0.742188	[55] 0.654046	56
[56] 0.769531	[56] 0.651315	57
[57] 0.762695	[57] 0.649696	58
[58] 0.760742	[58] 0.650801	59
[59] 0.748264	[59] 0.653093	60
[60] 0.772461	[60] 0.650575	61
[61] 0.734375	[61] 0.650821	62
[62] 0.748047	[62] 0.647319	63
[63] 0.762695	[63] 0.651322	64
[64] 0.752930	[64] 0.648837	65
[65] 0.749023	[65] 0.648158	66
[66] 0.773438	[66] 0.651903	67
[67] 0.765625	[67] 0.648278	68
[68] 0.768229	[68] 0.649197	69
[69] 0.750000	[69] 0.646294	70
