0.649   0.657   631.293 13.219	1
0.718   0.710   634.703 11.819	2
0.731   0.727   632.870 11.857	3
0.753   0.737   631.457 11.886	4
0.776   0.733   630.043 12.072	5
0.785   0.783   629.390 11.927	6
0.795   0.767   629.523 11.913	7
0.801   0.793   629.113 11.927	8
0.794   0.787   629.563 12.077	9
0.820   0.810   628.743 11.933	10
0.797   0.800   629.077 11.922	11
0.824   0.813   628.873 11.936	12
0.823   0.813   628.490 12.096	13
0.833   0.817   629.083 11.934	14
0.816   0.827   628.683 11.937	15
0.849   0.830   628.680 11.929	16
0.827   0.840   629.073 12.093	17
0.829   0.823   628.880 11.926	18
0.840   0.833   628.497 11.941	19
0.846   0.827   628.787 11.933	20
0.829   0.830   629.013 12.096	21
0.857   0.843   628.583 11.938	22
0.849   0.843   628.823 11.937	23
