0.780   0.040   0.757   0.840   0.000   360.534
0.780   0.040   0.757   0.840   0.010   360.534
0.780   0.040   0.757   0.840   0.020   360.534
0.780   0.040   0.757   0.840   0.030   360.534
0.780   0.040   0.757   0.840   0.040   360.534
0.780   0.040   0.757   0.840   0.050   360.534
0.780   0.040   0.757   0.840   0.060   360.534
0.780   0.040   0.757   0.840   0.070   360.534
0.780   0.040   0.757   0.840   0.080   360.534
0.780   0.040   0.757   0.840   0.090   360.534
0.780   0.040   0.757   0.840   0.100   360.534
0.780   0.040   0.757   0.840   0.110   360.534
0.780   0.040   0.757   0.840   0.120   360.534
0.780   0.040   0.757   0.840   0.130   360.534
0.780   0.040   0.757   0.840   0.140   360.534
0.780   0.040   0.757   0.840   0.150   360.534
0.780   0.040   0.757   0.840   0.160   360.534
0.780   0.040   0.757   0.840   0.170   360.534
0.780   0.040   0.757   0.840   0.180   360.534
0.780   0.040   0.757   0.840   0.190   360.534
0.780   0.040   0.757   0.840   0.200   360.534
0.780   0.040   0.757   0.840   0.210   360.534
0.780   0.040   0.757   0.840   0.220   360.534
0.780   0.040   0.757   0.840   0.230   360.534
0.780   0.040   0.757   0.840   0.240   360.534
0.780   0.040   0.757   0.840   0.250   360.534
0.780   0.040   0.757   0.840   0.260   360.534
0.780   0.040   0.757   0.840   0.270   360.534
0.780   0.040   0.757   0.840   0.280   360.534
0.780   0.040   0.757   0.840   0.290   360.534
0.780   0.040   0.757   0.840   0.300   360.534
0.780   0.040   0.757   0.840   0.310   360.534
0.780   0.040   0.757   0.840   0.320   360.534
0.780   0.040   0.757   0.840   0.330   360.534
0.780   0.040   0.757   0.840   0.340   360.534
0.780   0.040   0.757   0.840   0.350   360.534
0.780   0.040   0.757   0.840   0.360   360.534
0.780   0.040   0.757   0.840   0.370   360.534
0.780   0.040   0.757   0.840   0.380   360.534
0.780   0.040   0.757   0.840   0.390   360.534
0.780   0.040   0.757   0.840   0.400   360.534
0.780   0.040   0.757   0.840   0.410   360.534
0.780   0.040   0.757   0.840   0.420   360.534
0.783   0.037   0.760   0.840   0.430   366.875
0.783   0.037   0.760   0.840   0.440   366.875
0.783   0.037   0.760   0.840   0.450   366.875
0.783   0.037   0.760   0.840   0.460   366.875
0.783   0.037   0.760   0.840   0.470   366.875
0.783   0.037   0.760   0.840   0.480   366.875
0.783   0.037   0.760   0.840   0.490   366.875
0.783   0.033   0.763   0.840   0.500   373.445
0.783   0.030   0.767   0.840   0.510   380.253
0.783   0.030   0.767   0.840   0.520   380.253
0.783   0.030   0.767   0.840   0.530   380.253
0.783   0.030   0.767   0.840   0.540   380.253
0.783   0.030   0.767   0.840   0.550   380.253
0.783   0.027   0.770   0.840   0.560   387.315
0.783   0.020   0.777   0.840   0.570   402.255
0.783   0.020   0.777   0.840   0.580   402.255
0.783   0.020   0.777   0.840   0.590   402.255
0.783   0.020   0.777   0.840   0.600   402.255
0.783   0.020   0.777   0.840   0.610   402.255
0.783   0.020   0.777   0.840   0.620   402.255
0.783   0.020   0.777   0.840   0.630   402.255
0.783   0.020   0.777   0.840   0.640   402.255
0.783   0.020   0.777   0.840   0.650   402.255
0.783   0.020   0.777   0.840   0.660   402.255
0.783   0.020   0.777   0.840   0.670   402.255
0.783   0.020   0.777   0.840   0.680   402.255
0.783   0.020   0.777   0.840   0.690   402.255
0.783   0.020   0.777   0.840   0.700   402.255
0.783   0.020   0.777   0.840   0.710   402.255
0.787   0.017   0.780   0.840   0.720   410.165
0.787   0.017   0.780   0.840   0.730   410.165
0.787   0.017   0.780   0.840   0.740   410.165
0.787   0.017   0.780   0.840   0.750   410.165
0.783   0.013   0.780   0.840   0.760   418.393
0.783   0.013   0.780   0.840   0.770   418.393
0.783   0.013   0.780   0.840   0.780   418.393
0.783   0.013   0.780   0.840   0.790   418.393
0.783   0.010   0.780   0.840   0.800   426.958
0.783   0.010   0.780   0.840   0.810   426.958
0.783   0.010   0.780   0.840   0.820   426.958
0.783   0.010   0.780   0.840   0.830   426.958
0.783   0.010   0.780   0.840   0.840   426.958
0.783   0.010   0.780   0.840   0.850   426.958
0.783   0.010   0.780   0.840   0.860   426.958
0.783   0.010   0.780   0.840   0.870   426.958
0.780   0.007   0.780   0.840   0.880   435.881
0.780   0.007   0.780   0.840   0.890   435.881
0.780   0.007   0.780   0.840   0.900   435.881
0.780   0.003   0.780   0.840   0.910   445.185
0.780   0.003   0.780   0.840   0.920   445.185
0.783   0.000   0.783   0.840   0.930   454.895
0.783   0.000   0.783   0.840   0.940   454.895
0.783   0.000   0.783   0.840   0.950   454.895
0.783   0.000   0.783   0.840   0.960   454.895
0.783   0.000   0.783   0.840   0.970   454.895
0.783   0.000   0.783   0.840   0.980   454.895
0.783   0.000   0.783   0.840   0.990   454.895
