0.840   1.000   0.000   0.840   0.000   61.823
0.790   0.390   0.483   0.840   0.010   135.116
0.787   0.303   0.553   0.840   0.020   162.484
0.790   0.267   0.587   0.840   0.030   177.713
0.787   0.220   0.623   0.840   0.040   201.784
0.780   0.190   0.640   0.840   0.050   221.030
0.780   0.173   0.657   0.840   0.060   233.397
0.780   0.157   0.667   0.840   0.070   247.230
0.777   0.143   0.677   0.840   0.080   259.536
0.780   0.137   0.683   0.840   0.090   266.160
0.780   0.130   0.690   0.840   0.100   273.132
0.780   0.120   0.697   0.840   0.110   284.301
0.777   0.110   0.703   0.840   0.120   296.423
0.777   0.110   0.703   0.840   0.130   296.423
0.777   0.107   0.707   0.840   0.140   300.696
0.777   0.107   0.707   0.840   0.150   300.696
0.780   0.100   0.713   0.840   0.160   309.624
0.780   0.097   0.717   0.840   0.170   314.290
0.777   0.080   0.730   0.840   0.180   339.900
0.777   0.077   0.730   0.840   0.190   345.531
0.777   0.077   0.730   0.840   0.200   345.531
0.777   0.077   0.730   0.840   0.210   345.531
0.773   0.073   0.730   0.840   0.220   351.352
0.773   0.070   0.733   0.840   0.230   357.372
0.773   0.067   0.737   0.840   0.240   363.602
0.773   0.060   0.743   0.840   0.250   376.738
0.777   0.057   0.747   0.840   0.260   383.668
0.777   0.057   0.747   0.840   0.270   383.668
0.780   0.053   0.750   0.840   0.280   390.858
0.780   0.053   0.750   0.840   0.290   390.858
0.780   0.050   0.750   0.840   0.300   398.323
0.780   0.047   0.753   0.840   0.310   406.078
0.780   0.047   0.753   0.840   0.320   406.078
0.780   0.047   0.753   0.840   0.330   406.078
0.780   0.047   0.753   0.840   0.340   406.078
0.780   0.047   0.753   0.840   0.350   406.078
0.780   0.047   0.753   0.840   0.360   406.078
0.780   0.047   0.753   0.840   0.370   406.078
0.780   0.037   0.760   0.840   0.380   431.269
0.780   0.037   0.760   0.840   0.390   431.269
0.780   0.037   0.760   0.840   0.400   431.269
0.780   0.037   0.760   0.840   0.410   431.269
0.780   0.037   0.760   0.840   0.420   431.269
0.780   0.037   0.760   0.840   0.430   431.269
0.780   0.037   0.760   0.840   0.440   431.269
0.780   0.033   0.760   0.840   0.450   440.375
0.780   0.033   0.760   0.840   0.460   440.375
0.780   0.033   0.760   0.840   0.470   440.375
0.780   0.033   0.760   0.840   0.480   440.375
0.780   0.033   0.760   0.840   0.490   440.375
0.783   0.030   0.763   0.840   0.500   449.874
0.783   0.030   0.763   0.840   0.510   449.874
0.783   0.027   0.767   0.840   0.520   459.791
0.783   0.027   0.767   0.840   0.530   459.791
0.783   0.027   0.767   0.840   0.540   459.791
0.783   0.027   0.767   0.840   0.550   459.791
0.783   0.027   0.767   0.840   0.560   459.791
0.783   0.027   0.767   0.840   0.570   459.791
0.783   0.023   0.770   0.840   0.580   470.156
0.783   0.023   0.770   0.840   0.590   470.156
0.783   0.017   0.773   0.840   0.600   492.354
0.783   0.017   0.773   0.840   0.610   492.354
0.783   0.017   0.773   0.840   0.620   492.354
0.783   0.017   0.773   0.840   0.630   492.354
0.783   0.017   0.773   0.840   0.640   492.354
0.783   0.017   0.773   0.840   0.650   492.354
0.783   0.017   0.773   0.840   0.660   492.354
0.783   0.013   0.773   0.840   0.670   504.257
0.780   0.010   0.773   0.840   0.680   516.751
0.780   0.010   0.773   0.840   0.690   516.751
0.780   0.010   0.773   0.840   0.700   516.751
0.780   0.010   0.773   0.840   0.710   516.751
0.780   0.010   0.773   0.840   0.720   516.751
0.780   0.010   0.773   0.840   0.730   516.751
0.780   0.010   0.773   0.840   0.740   516.751
0.780   0.010   0.773   0.840   0.750   516.751
0.780   0.010   0.773   0.840   0.760   516.751
0.780   0.010   0.773   0.840   0.770   516.751
0.780   0.010   0.773   0.840   0.780   516.751
0.780   0.010   0.773   0.840   0.790   516.751
0.780   0.010   0.773   0.840   0.800   516.751
0.780   0.010   0.773   0.840   0.810   516.751
0.780   0.010   0.773   0.840   0.820   516.751
0.780   0.007   0.777   0.840   0.830   529.880
0.780   0.007   0.777   0.840   0.840   529.880
0.780   0.007   0.777   0.840   0.850   529.880
0.780   0.007   0.777   0.840   0.860   529.880
0.780   0.007   0.777   0.840   0.870   529.880
0.780   0.007   0.777   0.840   0.880   529.880
0.780   0.007   0.777   0.840   0.890   529.880
0.780   0.007   0.777   0.840   0.900   529.880
0.780   0.007   0.777   0.840   0.910   529.880
0.780   0.003   0.777   0.840   0.920   543.693
0.780   0.000   0.780   0.840   0.930   558.245
0.780   0.000   0.780   0.840   0.940   558.245
0.780   0.000   0.780   0.840   0.950   558.245
0.780   0.000   0.780   0.840   0.960   558.245
0.780   0.000   0.780   0.840   0.970   558.245
0.780   0.000   0.780   0.840   0.980   558.245
0.780   0.000   0.780   0.840   0.990   558.245
