0.748   1.000   0.000   0.748   0.000   56.178
0.722   0.230   0.602   0.748   0.010   148.702
0.718   0.180   0.630   0.748   0.020   166.510
0.712   0.156   0.642   0.748   0.030   176.665
0.712   0.146   0.648   0.748   0.040   181.271
0.720   0.130   0.664   0.748   0.050   189.162
0.720   0.122   0.668   0.748   0.060   193.372
0.722   0.114   0.674   0.748   0.070   197.772
0.720   0.108   0.676   0.748   0.080   201.207
0.720   0.106   0.676   0.748   0.090   202.378
0.718   0.100   0.680   0.748   0.100   205.976
0.718   0.098   0.682   0.748   0.110   207.203
0.718   0.096   0.682   0.748   0.120   208.446
0.718   0.092   0.682   0.748   0.130   210.976
0.716   0.090   0.682   0.748   0.140   212.265
0.716   0.090   0.682   0.748   0.150   212.265
0.718   0.086   0.684   0.748   0.160   214.889
0.718   0.086   0.684   0.748   0.170   214.889
0.720   0.082   0.688   0.748   0.180   217.579
0.720   0.074   0.692   0.748   0.190   223.166
0.720   0.074   0.692   0.748   0.200   223.166
0.722   0.072   0.694   0.748   0.210   224.608
0.722   0.072   0.694   0.748   0.220   224.608
0.724   0.070   0.696   0.748   0.230   226.069
0.726   0.066   0.700   0.748   0.240   229.048
0.726   0.066   0.700   0.748   0.250   229.048
0.724   0.064   0.700   0.748   0.260   230.568
0.726   0.062   0.702   0.748   0.270   232.107
0.726   0.062   0.702   0.748   0.280   232.107
0.726   0.060   0.704   0.748   0.290   233.668
0.726   0.058   0.704   0.748   0.300   235.249
0.726   0.058   0.704   0.748   0.310   235.249
0.724   0.050   0.706   0.748   0.320   241.794
0.724   0.050   0.706   0.748   0.330   241.794
0.726   0.048   0.708   0.748   0.340   243.488
0.726   0.048   0.708   0.748   0.350   243.488
0.726   0.048   0.708   0.748   0.360   243.488
0.726   0.048   0.708   0.748   0.370   243.488
0.726   0.046   0.710   0.748   0.380   245.206
0.726   0.046   0.710   0.748   0.390   245.206
0.724   0.044   0.710   0.748   0.400   246.948
0.724   0.044   0.710   0.748   0.410   246.948
0.724   0.044   0.710   0.748   0.420   246.948
0.724   0.044   0.710   0.748   0.430   246.948
0.724   0.042   0.712   0.748   0.440   248.714
0.724   0.042   0.712   0.748   0.450   248.714
0.724   0.040   0.712   0.748   0.460   250.507
0.724   0.040   0.712   0.748   0.470   250.507
0.724   0.040   0.712   0.748   0.480   250.507
0.724   0.040   0.712   0.748   0.490   250.507
0.724   0.038   0.714   0.748   0.500   252.325
0.724   0.036   0.716   0.748   0.510   254.170
0.724   0.034   0.718   0.748   0.520   256.042
0.724   0.034   0.718   0.748   0.530   256.042
0.724   0.030   0.720   0.748   0.540   259.871
0.724   0.030   0.720   0.748   0.550   259.871
0.724   0.030   0.720   0.748   0.560   259.871
0.724   0.030   0.720   0.748   0.570   259.871
0.724   0.030   0.720   0.748   0.580   259.871
0.724   0.028   0.720   0.748   0.590   261.828
0.724   0.028   0.720   0.748   0.600   261.828
0.724   0.028   0.720   0.748   0.610   261.828
0.724   0.026   0.720   0.748   0.620   263.815
0.724   0.024   0.722   0.748   0.630   265.833
0.724   0.022   0.722   0.748   0.640   267.881
0.724   0.022   0.722   0.748   0.650   267.881
0.724   0.022   0.722   0.748   0.660   267.881
0.724   0.020   0.722   0.748   0.670   269.962
0.724   0.020   0.722   0.748   0.680   269.962
0.724   0.020   0.722   0.748   0.690   269.962
0.724   0.020   0.722   0.748   0.700   269.962
0.724   0.020   0.722   0.748   0.710   269.962
0.724   0.020   0.722   0.748   0.720   269.962
0.724   0.020   0.722   0.748   0.730   269.962
0.724   0.020   0.722   0.748   0.740   269.962
0.724   0.020   0.722   0.748   0.750   269.962
0.724   0.016   0.722   0.748   0.760   274.221
0.726   0.014   0.724   0.748   0.770   276.402
0.726   0.014   0.724   0.748   0.780   276.402
0.728   0.010   0.728   0.748   0.790   280.868
0.728   0.010   0.728   0.748   0.800   280.868
0.728   0.010   0.728   0.748   0.810   280.868
0.728   0.010   0.728   0.748   0.820   280.868
0.728   0.010   0.728   0.748   0.830   280.868
0.728   0.010   0.728   0.748   0.840   280.868
0.728   0.010   0.728   0.748   0.850   280.868
0.730   0.008   0.730   0.748   0.860   283.156
0.730   0.008   0.730   0.748   0.870   283.156
0.730   0.008   0.730   0.748   0.880   283.156
0.730   0.006   0.730   0.748   0.890   285.482
0.730   0.006   0.730   0.748   0.900   285.482
0.730   0.006   0.730   0.748   0.910   285.482
0.730   0.006   0.730   0.748   0.920   285.482
0.730   0.006   0.730   0.748   0.930   285.482
0.730   0.006   0.730   0.748   0.940   285.482
0.730   0.006   0.730   0.748   0.950   285.482
0.730   0.006   0.730   0.748   0.960   285.482
0.730   0.002   0.730   0.748   0.970   290.249
0.730   0.002   0.730   0.748   0.980   290.249
0.732   0.000   0.732   0.748   0.990   292.693
