0.840   1.000   0.000   0.840   0.000   40.908
0.823   0.407   0.527   0.840   0.010   62.851
0.817   0.320   0.597   0.840   0.020   68.195
0.813   0.260   0.640   0.840   0.030   72.459
0.817   0.217   0.670   0.840   0.040   75.886
0.823   0.193   0.693   0.840   0.050   77.870
0.827   0.170   0.717   0.840   0.060   79.959
0.823   0.153   0.727   0.840   0.070   81.522
0.827   0.147   0.733   0.840   0.080   82.164
0.823   0.130   0.740   0.840   0.090   83.815
0.827   0.120   0.747   0.840   0.100   84.838
0.827   0.110   0.753   0.840   0.110   85.886
0.827   0.110   0.753   0.840   0.120   85.886
0.827   0.097   0.763   0.840   0.130   87.325
0.827   0.087   0.773   0.840   0.140   88.435
0.827   0.083   0.773   0.840   0.150   88.812
0.827   0.080   0.777   0.840   0.160   89.192
0.827   0.073   0.783   0.840   0.170   89.961
0.827   0.073   0.783   0.840   0.180   89.961
0.827   0.073   0.783   0.840   0.190   89.961
0.827   0.067   0.787   0.840   0.200   90.744
0.827   0.067   0.787   0.840   0.210   90.744
0.827   0.063   0.790   0.840   0.220   91.141
0.827   0.057   0.793   0.840   0.230   91.944
0.827   0.057   0.793   0.840   0.240   91.944
0.827   0.057   0.793   0.840   0.250   91.944
0.827   0.057   0.793   0.840   0.260   91.944
0.827   0.057   0.793   0.840   0.270   91.944
0.827   0.057   0.793   0.840   0.280   91.944
0.827   0.057   0.793   0.840   0.290   91.944
0.827   0.057   0.793   0.840   0.300   91.944
0.827   0.057   0.793   0.840   0.310   91.944
0.827   0.057   0.793   0.840   0.320   91.944
0.830   0.053   0.797   0.840   0.330   92.351
0.827   0.050   0.797   0.840   0.340   92.762
0.827   0.050   0.797   0.840   0.350   92.762
0.827   0.050   0.797   0.840   0.360   92.762
0.827   0.050   0.797   0.840   0.370   92.762
0.827   0.050   0.797   0.840   0.380   92.762
0.827   0.050   0.797   0.840   0.390   92.762
0.827   0.050   0.797   0.840   0.400   92.762
0.827   0.050   0.797   0.840   0.410   92.762
0.827   0.043   0.800   0.840   0.420   93.595
0.827   0.037   0.807   0.840   0.430   94.442
0.827   0.033   0.810   0.840   0.440   94.872
0.827   0.030   0.810   0.840   0.450   95.305
0.827   0.030   0.810   0.840   0.460   95.305
0.827   0.030   0.810   0.840   0.470   95.305
0.827   0.030   0.810   0.840   0.480   95.305
0.827   0.030   0.810   0.840   0.490   95.305
0.827   0.030   0.810   0.840   0.500   95.305
0.827   0.030   0.810   0.840   0.510   95.305
0.827   0.030   0.810   0.840   0.520   95.305
0.827   0.030   0.810   0.840   0.530   95.305
0.827   0.030   0.810   0.840   0.540   95.305
0.827   0.030   0.810   0.840   0.550   95.305
0.827   0.027   0.813   0.840   0.560   95.743
0.827   0.027   0.813   0.840   0.570   95.743
0.827   0.027   0.813   0.840   0.580   95.743
0.823   0.023   0.813   0.840   0.590   96.184
0.823   0.023   0.813   0.840   0.600   96.184
0.820   0.020   0.813   0.840   0.610   96.630
0.820   0.020   0.813   0.840   0.620   96.630
0.820   0.020   0.813   0.840   0.630   96.630
0.820   0.020   0.813   0.840   0.640   96.630
0.820   0.020   0.813   0.840   0.650   96.630
0.820   0.020   0.813   0.840   0.660   96.630
0.820   0.020   0.813   0.840   0.670   96.630
0.820   0.020   0.813   0.840   0.680   96.630
0.820   0.020   0.813   0.840   0.690   96.630
0.820   0.020   0.813   0.840   0.700   96.630
0.820   0.017   0.813   0.840   0.710   97.080
0.820   0.017   0.813   0.840   0.720   97.080
0.820   0.017   0.813   0.840   0.730   97.080
0.820   0.013   0.817   0.840   0.740   97.534
0.820   0.013   0.817   0.840   0.750   97.534
0.820   0.013   0.817   0.840   0.760   97.534
0.820   0.013   0.817   0.840   0.770   97.534
0.820   0.013   0.817   0.840   0.780   97.534
0.820   0.013   0.817   0.840   0.790   97.534
0.820   0.010   0.817   0.840   0.800   97.992
0.820   0.010   0.817   0.840   0.810   97.992
0.820   0.010   0.817   0.840   0.820   97.992
0.820   0.010   0.817   0.840   0.830   97.992
0.820   0.010   0.817   0.840   0.840   97.992
0.820   0.010   0.817   0.840   0.850   97.992
0.823   0.007   0.820   0.840   0.860   98.455
0.823   0.007   0.820   0.840   0.870   98.455
0.823   0.007   0.820   0.840   0.880   98.455
0.823   0.007   0.820   0.840   0.890   98.455
0.823   0.003   0.823   0.840   0.900   98.922
0.823   0.003   0.823   0.840   0.910   98.922
0.823   0.003   0.823   0.840   0.920   98.922
0.823   0.003   0.823   0.840   0.930   98.922
0.823   0.003   0.823   0.840   0.940   98.922
0.827   0.000   0.827   0.840   0.950   99.393
0.827   0.000   0.827   0.840   0.960   99.393
0.827   0.000   0.827   0.840   0.970   99.393
0.827   0.000   0.827   0.840   0.980   99.393
0.827   0.000   0.827   0.840   0.990   99.393
