0.840   1.000   0.000   0.840   0.000   60.305
0.793   0.323   0.560   0.840   0.010   146.004
0.780   0.260   0.603   0.840   0.020   168.403
0.783   0.210   0.643   0.840   0.030   191.610
0.780   0.207   0.643   0.840   0.040   193.387
0.787   0.190   0.660   0.840   0.050   202.788
0.787   0.180   0.660   0.840   0.060   208.881
0.787   0.163   0.673   0.840   0.070   219.892
0.787   0.153   0.680   0.840   0.080   227.074
0.787   0.147   0.683   0.840   0.090   232.129
0.783   0.137   0.690   0.840   0.100   240.147
0.783   0.127   0.697   0.840   0.110   248.739
0.780   0.113   0.707   0.840   0.120   261.200
0.780   0.100   0.717   0.840   0.130   274.974
0.780   0.093   0.720   0.840   0.140   282.421
0.780   0.093   0.720   0.840   0.150   282.421
0.780   0.087   0.723   0.840   0.160   290.283
0.780   0.083   0.727   0.840   0.170   294.380
0.780   0.083   0.727   0.840   0.180   294.380
0.780   0.080   0.730   0.840   0.190   298.594
0.783   0.077   0.733   0.840   0.200   302.931
0.780   0.067   0.740   0.840   0.210   316.732
0.780   0.067   0.740   0.840   0.220   316.732
0.780   0.067   0.740   0.840   0.230   316.732
0.780   0.067   0.740   0.840   0.240   316.732
0.777   0.057   0.743   0.840   0.250   331.851
0.777   0.057   0.743   0.840   0.260   331.851
0.780   0.053   0.747   0.840   0.270   337.217
0.780   0.053   0.747   0.840   0.280   337.217
0.780   0.050   0.750   0.840   0.290   342.758
0.780   0.050   0.750   0.840   0.300   342.758
0.780   0.050   0.750   0.840   0.310   342.758
0.780   0.050   0.750   0.840   0.320   342.758
0.780   0.047   0.753   0.840   0.330   348.486
0.780   0.047   0.753   0.840   0.340   348.486
0.780   0.047   0.753   0.840   0.350   348.486
0.780   0.047   0.753   0.840   0.360   348.486
0.780   0.047   0.753   0.840   0.370   348.486
0.780   0.043   0.753   0.840   0.380   354.407
0.780   0.043   0.753   0.840   0.390   354.407
0.780   0.043   0.753   0.840   0.400   354.407
0.780   0.043   0.753   0.840   0.410   354.407
0.780   0.043   0.753   0.840   0.420   354.407
0.783   0.037   0.760   0.840   0.430   366.875
0.783   0.037   0.760   0.840   0.440   366.875
0.783   0.037   0.760   0.840   0.450   366.875
0.783   0.037   0.760   0.840   0.460   366.875
0.783   0.037   0.760   0.840   0.470   366.875
0.783   0.037   0.760   0.840   0.480   366.875
0.783   0.037   0.760   0.840   0.490   366.875
0.783   0.033   0.763   0.840   0.500   373.445
0.783   0.030   0.767   0.840   0.510   380.253
0.783   0.030   0.767   0.840   0.520   380.253
0.783   0.030   0.767   0.840   0.530   380.253
0.783   0.030   0.767   0.840   0.540   380.253
0.783   0.030   0.767   0.840   0.550   380.253
0.783   0.027   0.770   0.840   0.560   387.315
0.783   0.020   0.777   0.840   0.570   402.255
0.783   0.020   0.777   0.840   0.580   402.255
0.783   0.020   0.777   0.840   0.590   402.255
0.783   0.020   0.777   0.840   0.600   402.255
0.783   0.020   0.777   0.840   0.610   402.255
0.783   0.020   0.777   0.840   0.620   402.255
0.783   0.020   0.777   0.840   0.630   402.255
0.783   0.020   0.777   0.840   0.640   402.255
0.783   0.020   0.777   0.840   0.650   402.255
0.783   0.020   0.777   0.840   0.660   402.255
0.783   0.020   0.777   0.840   0.670   402.255
0.783   0.020   0.777   0.840   0.680   402.255
0.783   0.020   0.777   0.840   0.690   402.255
0.783   0.020   0.777   0.840   0.700   402.255
0.783   0.020   0.777   0.840   0.710   402.255
0.787   0.017   0.780   0.840   0.720   410.165
0.787   0.017   0.780   0.840   0.730   410.165
0.787   0.017   0.780   0.840   0.740   410.165
0.787   0.017   0.780   0.840   0.750   410.165
0.783   0.013   0.780   0.840   0.760   418.393
0.783   0.013   0.780   0.840   0.770   418.393
0.783   0.013   0.780   0.840   0.780   418.393
0.783   0.013   0.780   0.840   0.790   418.393
0.783   0.010   0.780   0.840   0.800   426.958
0.783   0.010   0.780   0.840   0.810   426.958
0.783   0.010   0.780   0.840   0.820   426.958
0.783   0.010   0.780   0.840   0.830   426.958
0.783   0.010   0.780   0.840   0.840   426.958
0.783   0.010   0.780   0.840   0.850   426.958
0.783   0.010   0.780   0.840   0.860   426.958
0.783   0.010   0.780   0.840   0.870   426.958
0.780   0.007   0.780   0.840   0.880   435.881
0.780   0.007   0.780   0.840   0.890   435.881
0.780   0.007   0.780   0.840   0.900   435.881
0.780   0.003   0.780   0.840   0.910   445.185
0.780   0.003   0.780   0.840   0.920   445.185
0.783   0.000   0.783   0.840   0.930   454.895
0.783   0.000   0.783   0.840   0.940   454.895
0.783   0.000   0.783   0.840   0.950   454.895
0.783   0.000   0.783   0.840   0.960   454.895
0.783   0.000   0.783   0.840   0.970   454.895
0.783   0.000   0.783   0.840   0.980   454.895
0.783   0.000   0.783   0.840   0.990   454.895
