0.813   0.040   0.793   0.840   0.000   161.061
0.813   0.040   0.793   0.840   0.010   161.061
0.813   0.040   0.793   0.840   0.020   161.061
0.813   0.040   0.793   0.840   0.030   161.061
0.813   0.040   0.793   0.840   0.040   161.061
0.813   0.040   0.793   0.840   0.050   161.061
0.813   0.040   0.793   0.840   0.060   161.061
0.813   0.040   0.793   0.840   0.070   161.061
0.813   0.040   0.793   0.840   0.080   161.061
0.813   0.040   0.793   0.840   0.090   161.061
0.813   0.040   0.793   0.840   0.100   161.061
0.813   0.040   0.793   0.840   0.110   161.061
0.813   0.040   0.793   0.840   0.120   161.061
0.813   0.040   0.793   0.840   0.130   161.061
0.813   0.040   0.793   0.840   0.140   161.061
0.813   0.040   0.793   0.840   0.150   161.061
0.813   0.040   0.793   0.840   0.160   161.061
0.813   0.040   0.793   0.840   0.170   161.061
0.813   0.040   0.793   0.840   0.180   161.061
0.813   0.040   0.793   0.840   0.190   161.061
0.813   0.040   0.793   0.840   0.200   161.061
0.813   0.040   0.793   0.840   0.210   161.061
0.813   0.040   0.793   0.840   0.220   161.061
0.813   0.040   0.793   0.840   0.230   161.061
0.813   0.040   0.793   0.840   0.240   161.061
0.817   0.043   0.793   0.840   0.250   159.826
0.817   0.043   0.793   0.840   0.260   159.826
0.817   0.043   0.793   0.840   0.270   159.826
0.817   0.050   0.790   0.840   0.280   157.414
0.817   0.050   0.790   0.840   0.290   157.414
0.817   0.050   0.790   0.840   0.300   157.414
0.820   0.053   0.790   0.840   0.310   156.235
0.820   0.053   0.790   0.840   0.320   156.235
0.820   0.053   0.790   0.840   0.330   156.235
0.817   0.057   0.787   0.840   0.340   155.073
0.820   0.063   0.783   0.840   0.350   152.801
0.820   0.067   0.783   0.840   0.360   151.689
0.820   0.067   0.783   0.840   0.370   151.689
0.820   0.067   0.783   0.840   0.380   151.689
0.823   0.070   0.783   0.840   0.390   150.594
0.823   0.077   0.783   0.840   0.400   148.450
0.823   0.087   0.780   0.840   0.410   145.347
0.823   0.097   0.770   0.840   0.420   142.370
0.827   0.107   0.767   0.840   0.430   139.513
0.827   0.113   0.763   0.840   0.440   137.672
0.827   0.127   0.763   0.840   0.450   134.130
0.833   0.137   0.760   0.840   0.460   131.591
0.837   0.143   0.757   0.840   0.470   129.951
0.833   0.150   0.753   0.840   0.480   128.352
0.827   0.160   0.743   0.840   0.490   126.025
0.827   0.167   0.737   0.840   0.500   124.520
0.830   0.177   0.733   0.840   0.510   122.329
0.830   0.177   0.733   0.840   0.520   122.329
0.830   0.193   0.717   0.840   0.530   118.844
0.830   0.200   0.713   0.840   0.540   117.505
0.837   0.213   0.710   0.840   0.550   114.915
0.837   0.227   0.703   0.840   0.560   112.437
0.840   0.250   0.683   0.840   0.570   108.349
0.847   0.260   0.680   0.840   0.580   106.686
0.847   0.277   0.667   0.840   0.590   104.025
0.843   0.290   0.653   0.840   0.600   101.991
0.843   0.300   0.650   0.840   0.610   100.516
0.843   0.313   0.640   0.840   0.620   98.615
0.840   0.320   0.633   0.840   0.630   97.691
0.840   0.337   0.617   0.840   0.640   95.456
0.837   0.347   0.610   0.840   0.650   94.163
0.840   0.360   0.600   0.840   0.660   92.492
0.840   0.380   0.583   0.840   0.670   90.095
0.837   0.390   0.573   0.840   0.680   88.942
0.837   0.397   0.573   0.840   0.690   88.190
0.837   0.400   0.570   0.840   0.700   87.819
0.840   0.407   0.567   0.840   0.710   87.086
0.840   0.420   0.553   0.840   0.720   85.655
0.840   0.440   0.533   0.840   0.730   83.595
0.840   0.457   0.517   0.840   0.740   81.953
0.840   0.460   0.513   0.840   0.750   81.632
0.840   0.470   0.507   0.840   0.760   80.685
0.840   0.480   0.497   0.840   0.770   79.759
0.840   0.497   0.483   0.840   0.780   78.263
0.840   0.510   0.470   0.840   0.790   77.105
0.843   0.517   0.467   0.840   0.800   76.539
0.843   0.527   0.457   0.840   0.810   75.706
0.843   0.537   0.447   0.840   0.820   74.890
0.840   0.550   0.433   0.840   0.830   73.830
0.840   0.567   0.417   0.840   0.840   72.546
0.840   0.590   0.397   0.840   0.850   70.821
0.840   0.607   0.380   0.840   0.860   69.639
0.840   0.620   0.367   0.840   0.870   68.721
0.837   0.643   0.347   0.840   0.880   67.172
0.837   0.657   0.337   0.840   0.890   66.318
0.840   0.683   0.317   0.840   0.900   64.673
0.840   0.710   0.290   0.840   0.910   63.107
0.840   0.730   0.270   0.840   0.920   61.982
0.840   0.753   0.247   0.840   0.930   60.719
0.840   0.773   0.227   0.840   0.940   59.676
0.840   0.793   0.207   0.840   0.950   58.669
0.840   0.823   0.177   0.840   0.960   57.220
0.840   0.850   0.150   0.840   0.970   55.992
0.840   0.897   0.103   0.840   0.980   53.963
0.840   0.923   0.077   0.840   0.990   52.869
