0.783   0.037   0.763   0.840   0.000   253.552
0.783   0.037   0.763   0.840   0.010   253.552
0.783   0.037   0.763   0.840   0.020   253.552
0.783   0.037   0.763   0.840   0.030   253.552
0.783   0.037   0.763   0.840   0.040   253.552
0.783   0.037   0.763   0.840   0.050   253.552
0.783   0.037   0.763   0.840   0.060   253.552
0.783   0.037   0.763   0.840   0.070   253.552
0.783   0.037   0.763   0.840   0.080   253.552
0.783   0.037   0.763   0.840   0.090   253.552
0.783   0.037   0.763   0.840   0.100   253.552
0.783   0.037   0.763   0.840   0.110   253.552
0.783   0.037   0.763   0.840   0.120   253.552
0.783   0.037   0.763   0.840   0.130   253.552
0.783   0.037   0.763   0.840   0.140   253.552
0.783   0.037   0.763   0.840   0.150   253.552
0.783   0.037   0.763   0.840   0.160   253.552
0.783   0.037   0.763   0.840   0.170   253.552
0.783   0.037   0.763   0.840   0.180   253.552
0.783   0.037   0.763   0.840   0.190   253.552
0.783   0.037   0.763   0.840   0.200   253.552
0.783   0.037   0.763   0.840   0.210   253.552
0.783   0.037   0.763   0.840   0.220   253.552
0.783   0.037   0.763   0.840   0.230   253.552
0.783   0.037   0.763   0.840   0.240   253.552
0.783   0.037   0.763   0.840   0.250   253.552
0.783   0.037   0.763   0.840   0.260   253.552
0.783   0.040   0.763   0.840   0.270   250.507
0.783   0.040   0.763   0.840   0.280   250.507
0.783   0.040   0.763   0.840   0.290   250.507
0.780   0.043   0.760   0.840   0.300   247.534
0.780   0.043   0.760   0.840   0.310   247.534
0.780   0.057   0.753   0.840   0.320   236.315
0.777   0.060   0.750   0.840   0.330   233.668
0.780   0.063   0.750   0.840   0.340   231.079
0.783   0.073   0.750   0.840   0.350   223.645
0.787   0.080   0.747   0.840   0.360   218.949
0.787   0.083   0.743   0.840   0.370   216.675
0.790   0.090   0.740   0.840   0.380   212.265
0.790   0.090   0.740   0.840   0.390   212.265
0.793   0.093   0.740   0.840   0.400   210.126
0.790   0.103   0.730   0.840   0.410   203.961
0.793   0.113   0.727   0.840   0.420   198.148
0.797   0.123   0.723   0.840   0.430   192.657
0.797   0.133   0.717   0.840   0.440   187.462
0.797   0.143   0.713   0.840   0.450   182.540
0.803   0.163   0.700   0.840   0.460   173.433
0.803   0.173   0.700   0.840   0.470   169.211
0.807   0.180   0.700   0.840   0.480   166.510
0.810   0.190   0.697   0.840   0.490   162.615
0.810   0.197   0.693   0.840   0.500   160.118
0.817   0.213   0.687   0.840   0.510   154.199
0.820   0.223   0.680   0.840   0.520   150.853
0.823   0.240   0.670   0.840   0.530   145.588
0.823   0.243   0.670   0.840   0.540   144.579
0.827   0.263   0.657   0.840   0.550   138.806
0.827   0.297   0.640   0.840   0.560   130.144
0.830   0.313   0.627   0.840   0.570   126.207
0.833   0.323   0.620   0.840   0.580   123.956
0.837   0.347   0.600   0.840   0.590   119.005
0.830   0.360   0.590   0.840   0.600   116.350
0.830   0.367   0.583   0.840   0.610   115.066
0.830   0.377   0.573   0.840   0.620   113.193
0.830   0.393   0.560   0.840   0.630   110.202
0.833   0.407   0.557   0.840   0.640   107.921
0.833   0.413   0.553   0.840   0.650   106.816
0.837   0.417   0.553   0.840   0.660   106.272
0.837   0.423   0.550   0.840   0.670   105.199
0.837   0.440   0.537   0.840   0.680   102.612
0.837   0.443   0.533   0.840   0.690   102.109
0.837   0.450   0.527   0.840   0.700   101.119
0.833   0.460   0.517   0.840   0.710   99.669
0.833   0.480   0.497   0.840   0.720   96.891
0.833   0.493   0.483   0.840   0.730   95.124
0.837   0.507   0.473   0.840   0.740   93.419
0.837   0.507   0.473   0.840   0.750   93.419
0.837   0.513   0.467   0.840   0.760   92.590
0.833   0.520   0.460   0.840   0.770   91.775
0.833   0.530   0.450   0.840   0.780   90.579
0.833   0.533   0.447   0.840   0.790   90.188
0.833   0.543   0.437   0.840   0.800   89.033
0.833   0.570   0.410   0.840   0.810   86.093
0.833   0.577   0.403   0.840   0.820   85.388
0.833   0.590   0.390   0.840   0.830   84.012
0.833   0.597   0.383   0.840   0.840   83.341
0.830   0.607   0.373   0.840   0.850   82.353
0.830   0.630   0.350   0.840   0.860   80.138
0.833   0.650   0.337   0.840   0.870   78.332
0.833   0.670   0.317   0.840   0.880   76.606
0.833   0.683   0.307   0.840   0.890   75.497
0.833   0.703   0.287   0.840   0.900   73.892
0.837   0.717   0.277   0.840   0.910   72.860
0.837   0.727   0.267   0.840   0.920   72.104
0.837   0.747   0.247   0.840   0.930   70.639
0.837   0.770   0.223   0.840   0.940   69.003
0.837   0.793   0.200   0.840   0.950   67.441
0.837   0.817   0.177   0.840   0.960   65.948
0.840   0.827   0.173   0.840   0.970   65.328
0.840   0.873   0.127   0.840   0.980   62.584
0.840   0.900   0.100   0.840   0.990   61.117
