0.840   1.000   0.000   0.840   0.000   49.956
0.823   0.347   0.553   0.840   0.010   94.163
0.813   0.247   0.630   0.840   0.020   108.914
0.813   0.200   0.663   0.840   0.030   117.505
0.810   0.157   0.700   0.840   0.040   126.791
0.807   0.143   0.710   0.840   0.050   129.951
0.807   0.140   0.713   0.840   0.060   130.766
0.807   0.130   0.720   0.840   0.070   133.273
0.807   0.117   0.730   0.840   0.080   136.769
0.807   0.110   0.737   0.840   0.090   138.586
0.807   0.110   0.737   0.840   0.100   138.586
0.807   0.103   0.740   0.840   0.110   140.453
0.807   0.100   0.743   0.840   0.120   141.405
0.807   0.097   0.747   0.840   0.130   142.370
0.807   0.093   0.747   0.840   0.140   143.349
0.807   0.090   0.750   0.840   0.150   144.341
0.803   0.077   0.760   0.840   0.160   148.450
0.803   0.073   0.763   0.840   0.170   149.515
0.807   0.070   0.767   0.840   0.180   150.594
0.807   0.063   0.773   0.840   0.190   152.801
0.807   0.060   0.777   0.840   0.200   153.929
0.807   0.053   0.780   0.840   0.210   156.235
0.810   0.050   0.783   0.840   0.220   157.414
0.810   0.050   0.783   0.840   0.230   157.414
0.810   0.050   0.783   0.840   0.240   157.414
0.810   0.050   0.783   0.840   0.250   157.414
0.810   0.050   0.783   0.840   0.260   157.414
0.813   0.043   0.790   0.840   0.270   159.826
0.813   0.043   0.790   0.840   0.280   159.826
0.813   0.043   0.790   0.840   0.290   159.826
0.813   0.043   0.790   0.840   0.300   159.826
0.813   0.043   0.790   0.840   0.310   159.826
0.813   0.043   0.790   0.840   0.320   159.826
0.813   0.037   0.793   0.840   0.330   162.314
0.813   0.037   0.793   0.840   0.340   162.314
0.813   0.037   0.793   0.840   0.350   162.314
0.813   0.033   0.797   0.840   0.360   163.587
0.813   0.033   0.797   0.840   0.370   163.587
0.813   0.033   0.797   0.840   0.380   163.587
0.813   0.033   0.797   0.840   0.390   163.587
0.813   0.033   0.797   0.840   0.400   163.587
0.813   0.033   0.797   0.840   0.410   163.587
0.813   0.033   0.797   0.840   0.420   163.587
0.813   0.033   0.797   0.840   0.430   163.587
0.813   0.030   0.800   0.840   0.440   164.880
0.813   0.027   0.800   0.840   0.450   166.194
0.813   0.027   0.800   0.840   0.460   166.194
0.813   0.027   0.800   0.840   0.470   166.194
0.813   0.027   0.800   0.840   0.480   166.194
0.813   0.027   0.800   0.840   0.490   166.194
0.813   0.027   0.800   0.840   0.500   166.194
0.813   0.027   0.800   0.840   0.510   166.194
0.813   0.027   0.800   0.840   0.520   166.194
0.813   0.027   0.800   0.840   0.530   166.194
0.813   0.027   0.800   0.840   0.540   166.194
0.813   0.027   0.800   0.840   0.550   166.194
0.813   0.027   0.800   0.840   0.560   166.194
0.813   0.027   0.800   0.840   0.570   166.194
0.813   0.027   0.800   0.840   0.580   166.194
0.813   0.023   0.803   0.840   0.590   167.529
0.817   0.020   0.807   0.840   0.600   168.886
0.817   0.017   0.810   0.840   0.610   170.264
0.817   0.017   0.810   0.840   0.620   170.264
0.817   0.017   0.810   0.840   0.630   170.264
0.817   0.017   0.810   0.840   0.640   170.264
0.817   0.017   0.810   0.840   0.650   170.264
0.817   0.017   0.810   0.840   0.660   170.264
0.817   0.017   0.810   0.840   0.670   170.264
0.813   0.013   0.810   0.840   0.680   171.666
0.813   0.013   0.810   0.840   0.690   171.666
0.813   0.013   0.810   0.840   0.700   171.666
0.813   0.013   0.810   0.840   0.710   171.666
0.813   0.013   0.810   0.840   0.720   171.666
0.813   0.013   0.810   0.840   0.730   171.666
0.813   0.013   0.810   0.840   0.740   171.666
0.813   0.013   0.810   0.840   0.750   171.666
0.813   0.013   0.810   0.840   0.760   171.666
0.813   0.013   0.810   0.840   0.770   171.666
0.813   0.010   0.810   0.840   0.780   173.090
0.820   0.003   0.817   0.840   0.790   176.012
0.820   0.003   0.817   0.840   0.800   176.012
0.820   0.003   0.817   0.840   0.810   176.012
0.820   0.003   0.817   0.840   0.820   176.012
0.820   0.003   0.817   0.840   0.830   176.012
0.820   0.000   0.820   0.840   0.840   177.510
0.820   0.000   0.820   0.840   0.850   177.510
0.820   0.000   0.820   0.840   0.860   177.510
0.820   0.000   0.820   0.840   0.870   177.510
0.820   0.000   0.820   0.840   0.880   177.510
0.820   0.000   0.820   0.840   0.890   177.510
0.820   0.000   0.820   0.840   0.900   177.510
0.820   0.000   0.820   0.840   0.910   177.510
0.820   0.000   0.820   0.840   0.920   177.510
0.820   0.000   0.820   0.840   0.930   177.510
0.820   0.000   0.820   0.840   0.940   177.510
0.820   0.000   0.820   0.840   0.950   177.510
0.820   0.000   0.820   0.840   0.960   177.510
0.820   0.000   0.820   0.840   0.970   177.510
0.820   0.000   0.820   0.840   0.980   177.510
0.820   0.000   0.820   0.840   0.990   177.510
