0.783   0.053   0.750   0.840   0.000   390.858
0.783   0.053   0.750   0.840   0.010   390.858
0.783   0.053   0.750   0.840   0.020   390.858
0.783   0.053   0.750   0.840   0.030   390.858
0.783   0.053   0.750   0.840   0.040   390.858
0.783   0.053   0.750   0.840   0.050   390.858
0.783   0.053   0.750   0.840   0.060   390.858
0.783   0.053   0.750   0.840   0.070   390.858
0.783   0.053   0.750   0.840   0.080   390.858
0.783   0.053   0.750   0.840   0.090   390.858
0.783   0.053   0.750   0.840   0.100   390.858
0.783   0.053   0.750   0.840   0.110   390.858
0.783   0.053   0.750   0.840   0.120   390.858
0.783   0.053   0.750   0.840   0.130   390.858
0.783   0.053   0.750   0.840   0.140   390.858
0.783   0.053   0.750   0.840   0.150   390.858
0.783   0.053   0.750   0.840   0.160   390.858
0.783   0.053   0.750   0.840   0.170   390.858
0.783   0.053   0.750   0.840   0.180   390.858
0.783   0.053   0.750   0.840   0.190   390.858
0.783   0.053   0.750   0.840   0.200   390.858
0.783   0.053   0.750   0.840   0.210   390.858
0.783   0.053   0.750   0.840   0.220   390.858
0.783   0.053   0.750   0.840   0.230   390.858
0.783   0.053   0.750   0.840   0.240   390.858
0.787   0.057   0.750   0.840   0.250   383.668
0.787   0.060   0.747   0.840   0.260   376.738
0.787   0.063   0.743   0.840   0.270   370.054
0.787   0.063   0.743   0.840   0.280   370.054
0.787   0.067   0.740   0.840   0.290   363.602
0.783   0.070   0.737   0.840   0.300   357.372
0.783   0.070   0.737   0.840   0.310   357.372
0.787   0.077   0.737   0.840   0.320   345.531
0.787   0.083   0.730   0.840   0.330   334.449
0.793   0.090   0.730   0.840   0.340   324.056
0.793   0.093   0.727   0.840   0.350   319.098
0.797   0.097   0.727   0.840   0.360   314.290
0.800   0.100   0.727   0.840   0.370   309.624
0.797   0.107   0.720   0.840   0.380   300.696
0.800   0.110   0.720   0.840   0.390   296.423
0.800   0.110   0.720   0.840   0.400   296.423
0.800   0.110   0.720   0.840   0.410   296.423
0.797   0.117   0.717   0.840   0.420   288.230
0.800   0.130   0.713   0.840   0.430   273.132
0.803   0.137   0.713   0.840   0.440   266.160
0.813   0.160   0.703   0.840   0.450   244.334
0.820   0.177   0.697   0.840   0.460   230.814
0.820   0.190   0.687   0.840   0.470   221.030
0.820   0.200   0.683   0.840   0.480   214.219
0.840   0.233   0.670   0.840   0.490   194.266
0.840   0.243   0.663   0.840   0.500   188.985
0.833   0.260   0.650   0.840   0.510   180.794
0.837   0.273   0.643   0.840   0.520   174.735
0.837   0.290   0.630   0.840   0.530   167.710
0.830   0.303   0.617   0.840   0.540   162.484
0.830   0.307   0.613   0.840   0.550   161.228
0.833   0.330   0.593   0.840   0.560   152.951
0.830   0.350   0.580   0.840   0.570   146.505
0.833   0.360   0.573   0.840   0.580   143.481
0.833   0.373   0.560   0.840   0.590   139.639
0.833   0.383   0.553   0.840   0.600   136.889
0.837   0.400   0.543   0.840   0.610   132.540
0.837   0.407   0.537   0.840   0.620   130.876
0.837   0.413   0.530   0.840   0.630   129.254
0.837   0.437   0.510   0.840   0.640   123.880
0.837   0.447   0.500   0.840   0.650   121.711
0.837   0.460   0.487   0.840   0.660   118.935
0.837   0.493   0.460   0.840   0.670   112.519
0.837   0.507   0.450   0.840   0.680   110.142
0.837   0.527   0.437   0.840   0.690   106.759
0.837   0.540   0.423   0.840   0.700   104.617
0.837   0.543   0.420   0.840   0.710   104.095
0.837   0.557   0.407   0.840   0.720   102.058
0.833   0.573   0.390   0.840   0.730   99.620
0.837   0.597   0.377   0.840   0.740   96.397
0.837   0.610   0.367   0.840   0.750   94.647
0.840   0.623   0.357   0.840   0.760   92.960
0.840   0.637   0.347   0.840   0.770   91.332
0.843   0.653   0.333   0.840   0.780   89.375
0.843   0.667   0.320   0.840   0.790   87.869
0.843   0.690   0.300   0.840   0.800   85.352
0.843   0.700   0.293   0.840   0.810   84.316
0.843   0.713   0.283   0.840   0.820   82.975
0.843   0.723   0.273   0.840   0.830   81.996
0.840   0.743   0.253   0.840   0.840   80.106
0.840   0.753   0.247   0.840   0.850   79.194
0.840   0.767   0.233   0.840   0.860   78.009
0.840   0.773   0.227   0.840   0.870   77.430
0.840   0.783   0.217   0.840   0.880   76.577
0.840   0.810   0.190   0.840   0.890   74.392
0.840   0.823   0.177   0.840   0.900   73.345
0.840   0.837   0.163   0.840   0.910   72.328
0.840   0.850   0.150   0.840   0.920   71.339
0.840   0.870   0.130   0.840   0.930   69.904
0.840   0.887   0.113   0.840   0.940   68.752
0.840   0.903   0.097   0.840   0.950   67.637
0.840   0.910   0.090   0.840   0.960   67.201
0.840   0.917   0.083   0.840   0.970   66.771
0.840   0.940   0.060   0.840   0.980   65.307
0.840   0.973   0.027   0.840   0.990   63.324
