0.827   0.047   0.800   0.840   0.000   93.176
0.827   0.047   0.800   0.840   0.010   93.176
0.827   0.047   0.800   0.840   0.020   93.176
0.827   0.047   0.800   0.840   0.030   93.176
0.827   0.047   0.800   0.840   0.040   93.176
0.827   0.047   0.800   0.840   0.050   93.176
0.827   0.047   0.800   0.840   0.060   93.176
0.827   0.047   0.800   0.840   0.070   93.176
0.827   0.047   0.800   0.840   0.080   93.176
0.827   0.047   0.800   0.840   0.090   93.176
0.827   0.047   0.800   0.840   0.100   93.176
0.827   0.047   0.800   0.840   0.110   93.176
0.827   0.047   0.800   0.840   0.120   93.176
0.827   0.047   0.800   0.840   0.130   93.176
0.827   0.047   0.800   0.840   0.140   93.176
0.827   0.047   0.800   0.840   0.150   93.176
0.827   0.047   0.800   0.840   0.160   93.176
0.827   0.047   0.800   0.840   0.170   93.176
0.827   0.047   0.800   0.840   0.180   93.176
0.827   0.047   0.800   0.840   0.190   93.176
0.827   0.047   0.800   0.840   0.200   93.176
0.827   0.047   0.800   0.840   0.210   93.176
0.827   0.047   0.800   0.840   0.220   93.176
0.827   0.047   0.800   0.840   0.230   93.176
0.827   0.047   0.800   0.840   0.240   93.176
0.827   0.047   0.800   0.840   0.250   93.176
0.827   0.047   0.800   0.840   0.260   93.176
0.827   0.047   0.800   0.840   0.270   93.176
0.830   0.053   0.800   0.840   0.280   92.351
0.830   0.053   0.800   0.840   0.290   92.351
0.830   0.057   0.797   0.840   0.300   91.944
0.830   0.057   0.797   0.840   0.310   91.944
0.830   0.060   0.793   0.840   0.320   91.541
0.830   0.063   0.790   0.840   0.330   91.141
0.827   0.070   0.787   0.840   0.340   90.351
0.827   0.073   0.783   0.840   0.350   89.961
0.827   0.073   0.783   0.840   0.360   89.961
0.827   0.073   0.783   0.840   0.370   89.961
0.827   0.077   0.780   0.840   0.380   89.575
0.823   0.087   0.773   0.840   0.390   88.435
0.827   0.100   0.767   0.840   0.400   86.961
0.827   0.107   0.763   0.840   0.410   86.241
0.827   0.113   0.760   0.840   0.420   85.534
0.827   0.120   0.753   0.840   0.430   84.838
0.830   0.127   0.750   0.840   0.440   84.154
0.830   0.133   0.747   0.840   0.450   83.480
0.833   0.147   0.740   0.840   0.460   82.164
0.833   0.150   0.740   0.840   0.470   81.842
0.833   0.163   0.733   0.840   0.480   80.577
0.837   0.173   0.727   0.840   0.490   79.654
0.840   0.197   0.720   0.840   0.500   77.580
0.840   0.203   0.717   0.840   0.510   77.007
0.840   0.210   0.710   0.840   0.520   76.443
0.840   0.220   0.703   0.840   0.530   75.611
0.840   0.237   0.690   0.840   0.540   74.265
0.840   0.243   0.687   0.840   0.550   73.740
0.840   0.250   0.680   0.840   0.560   73.222
0.840   0.263   0.677   0.840   0.570   72.208
0.840   0.273   0.667   0.840   0.580   71.466
0.840   0.280   0.660   0.840   0.590   70.980
0.840   0.300   0.647   0.840   0.600   69.559
0.840   0.300   0.647   0.840   0.610   69.559
0.840   0.303   0.643   0.840   0.620   69.328
0.837   0.313   0.633   0.840   0.630   68.643
0.833   0.320   0.627   0.840   0.640   68.195
0.840   0.333   0.627   0.840   0.650   67.314
0.837   0.337   0.623   0.840   0.660   67.098
0.837   0.340   0.620   0.840   0.670   66.882
0.840   0.350   0.613   0.840   0.680   66.245
0.840   0.360   0.603   0.840   0.690   65.620
0.840   0.387   0.587   0.840   0.700   64.009
0.840   0.403   0.577   0.840   0.710   63.041
0.840   0.407   0.573   0.840   0.720   62.851
0.843   0.420   0.563   0.840   0.730   62.103
0.840   0.433   0.550   0.840   0.740   61.372
0.840   0.433   0.550   0.840   0.750   61.372
0.840   0.450   0.533   0.840   0.760   60.482
0.840   0.457   0.527   0.840   0.770   60.133
0.840   0.467   0.517   0.840   0.780   59.618
0.840   0.477   0.507   0.840   0.790   59.111
0.840   0.490   0.500   0.840   0.800   58.448
0.837   0.507   0.483   0.840   0.810   57.640
0.837   0.517   0.473   0.840   0.820   57.166
0.837   0.533   0.457   0.840   0.830   56.394
0.837   0.553   0.437   0.840   0.840   55.493
0.837   0.563   0.427   0.840   0.850   55.054
0.837   0.583   0.407   0.840   0.860   54.196
0.837   0.587   0.403   0.840   0.870   54.055
0.837   0.597   0.393   0.840   0.880   53.638
0.840   0.623   0.370   0.840   0.890   52.557
0.840   0.640   0.353   0.840   0.900   51.903
0.840   0.650   0.343   0.840   0.910   51.518
0.840   0.670   0.327   0.840   0.920   50.766
0.840   0.693   0.307   0.840   0.930   49.915
0.840   0.717   0.283   0.840   0.940   49.093
0.840   0.743   0.257   0.840   0.950   48.186
0.840   0.767   0.233   0.840   0.960   47.419
0.840   0.810   0.190   0.840   0.970   46.057
0.840   0.853   0.147   0.840   0.980   44.772
0.840   0.897   0.103   0.840   0.990   43.557
