0.840   1.000   0.000   0.840   0.000   61.966
0.780   0.393   0.477   0.840   0.010   134.922
0.767   0.330   0.520   0.840   0.020   153.830
0.767   0.260   0.577   0.840   0.030   182.023
0.763   0.233   0.593   0.840   0.040   195.685
0.760   0.207   0.613   0.840   0.050   211.565
0.760   0.193   0.627   0.840   0.060   220.513
0.763   0.157   0.657   0.840   0.070   249.534
0.760   0.147   0.663   0.840   0.080   258.824
0.760   0.140   0.670   0.840   0.090   265.411
0.760   0.130   0.673   0.840   0.100   275.946
0.763   0.123   0.680   0.840   0.110   283.446
0.763   0.120   0.680   0.840   0.120   287.351
0.763   0.107   0.690   0.840   0.130   304.111
0.763   0.103   0.693   0.840   0.140   308.611
0.763   0.100   0.697   0.840   0.150   313.246
0.763   0.097   0.700   0.840   0.160   318.022
0.763   0.093   0.703   0.840   0.170   322.946
0.763   0.090   0.707   0.840   0.180   328.026
0.763   0.090   0.707   0.840   0.190   328.026
0.767   0.083   0.713   0.840   0.200   338.679
0.767   0.083   0.713   0.840   0.210   338.679
0.767   0.083   0.713   0.840   0.220   338.679
0.767   0.080   0.717   0.840   0.230   344.269
0.770   0.073   0.723   0.840   0.240   356.023
0.770   0.070   0.723   0.840   0.250   362.205
0.770   0.070   0.723   0.840   0.260   362.205
0.770   0.067   0.727   0.840   0.270   368.607
0.767   0.063   0.727   0.840   0.280   375.239
0.767   0.063   0.727   0.840   0.290   375.239
0.767   0.063   0.727   0.840   0.300   375.239
0.767   0.063   0.727   0.840   0.310   375.239
0.767   0.063   0.727   0.840   0.320   375.239
0.767   0.063   0.727   0.840   0.330   375.239
0.763   0.060   0.727   0.840   0.340   382.113
0.763   0.060   0.727   0.840   0.350   382.113
0.763   0.060   0.727   0.840   0.360   382.113
0.763   0.060   0.727   0.840   0.370   382.113
0.763   0.053   0.730   0.840   0.380   396.647
0.763   0.053   0.730   0.840   0.390   396.647
0.763   0.053   0.730   0.840   0.400   396.647
0.763   0.053   0.730   0.840   0.410   396.647
0.763   0.050   0.730   0.840   0.420   404.337
0.763   0.050   0.730   0.840   0.430   404.337
0.763   0.047   0.733   0.840   0.440   412.330
0.763   0.047   0.733   0.840   0.450   412.330
0.763   0.047   0.733   0.840   0.460   412.330
0.763   0.043   0.737   0.840   0.470   420.647
0.763   0.043   0.737   0.840   0.480   420.647
0.763   0.040   0.740   0.840   0.490   429.305
0.763   0.040   0.740   0.840   0.500   429.305
0.763   0.040   0.740   0.840   0.510   429.305
0.763   0.040   0.740   0.840   0.520   429.305
0.763   0.040   0.740   0.840   0.530   429.305
0.760   0.037   0.740   0.840   0.540   438.327
0.760   0.037   0.740   0.840   0.550   438.327
0.760   0.037   0.740   0.840   0.560   438.327
0.760   0.037   0.740   0.840   0.570   438.327
0.757   0.033   0.740   0.840   0.580   447.737
0.757   0.033   0.740   0.840   0.590   447.737
0.757   0.030   0.743   0.840   0.600   457.560
0.757   0.030   0.743   0.840   0.610   457.560
0.757   0.030   0.743   0.840   0.620   457.560
0.757   0.030   0.743   0.840   0.630   457.560
0.757   0.027   0.747   0.840   0.640   467.823
0.757   0.027   0.747   0.840   0.650   467.823
0.757   0.023   0.747   0.840   0.660   478.557
0.757   0.023   0.747   0.840   0.670   478.557
0.757   0.023   0.747   0.840   0.680   478.557
0.757   0.023   0.747   0.840   0.690   478.557
0.757   0.023   0.747   0.840   0.700   478.557
0.757   0.023   0.747   0.840   0.710   478.557
0.760   0.020   0.750   0.840   0.720   489.796
0.757   0.017   0.750   0.840   0.730   501.575
0.757   0.017   0.750   0.840   0.740   501.575
0.757   0.017   0.750   0.840   0.750   501.575
0.757   0.017   0.750   0.840   0.760   501.575
0.757   0.017   0.750   0.840   0.770   501.575
0.757   0.017   0.750   0.840   0.780   501.575
0.757   0.013   0.750   0.840   0.790   513.934
0.757   0.013   0.750   0.840   0.800   513.934
0.757   0.013   0.750   0.840   0.810   513.934
0.757   0.013   0.750   0.840   0.820   513.934
0.757   0.013   0.750   0.840   0.830   513.934
0.757   0.013   0.750   0.840   0.840   513.934
0.757   0.013   0.750   0.840   0.850   513.934
0.757   0.013   0.750   0.840   0.860   513.934
0.757   0.013   0.750   0.840   0.870   513.934
0.757   0.013   0.750   0.840   0.880   513.934
0.757   0.010   0.753   0.840   0.890   526.918
0.757   0.010   0.753   0.840   0.900   526.918
0.753   0.007   0.753   0.840   0.910   540.575
0.753   0.007   0.753   0.840   0.920   540.575
0.753   0.007   0.753   0.840   0.930   540.575
0.753   0.003   0.753   0.840   0.940   554.959
0.753   0.003   0.753   0.840   0.950   554.959
0.753   0.003   0.753   0.840   0.960   554.959
0.753   0.000   0.753   0.840   0.970   570.129
0.753   0.000   0.753   0.840   0.980   570.129
0.753   0.000   0.753   0.840   0.990   570.129
