0.748   1.000   0.000   0.748   0.000   60.305
0.686   0.228   0.566   0.748   0.010   182.553
0.686   0.182   0.596   0.748   0.020   207.633
0.684   0.160   0.610   0.748   0.030   222.235
0.680   0.146   0.614   0.748   0.040   232.647
0.676   0.134   0.616   0.748   0.050   242.380
0.678   0.122   0.624   0.748   0.060   252.963
0.678   0.118   0.628   0.748   0.070   256.699
0.680   0.112   0.632   0.748   0.080   262.515
0.680   0.108   0.634   0.748   0.090   266.541
0.680   0.106   0.636   0.748   0.100   268.600
0.688   0.096   0.646   0.748   0.110   279.395
0.688   0.096   0.646   0.748   0.120   279.395
0.688   0.096   0.646   0.748   0.130   279.395
0.688   0.092   0.648   0.748   0.140   283.959
0.690   0.088   0.652   0.748   0.150   288.676
0.690   0.086   0.654   0.748   0.160   291.093
0.690   0.078   0.662   0.748   0.170   301.182
0.690   0.074   0.666   0.748   0.180   306.493
0.690   0.072   0.666   0.748   0.190   309.219
0.690   0.072   0.666   0.748   0.200   309.219
0.688   0.070   0.666   0.748   0.210   311.994
0.688   0.068   0.668   0.748   0.220   314.820
0.688   0.062   0.670   0.748   0.230   323.613
0.688   0.062   0.670   0.748   0.240   323.613
0.688   0.062   0.670   0.748   0.250   323.613
0.688   0.062   0.670   0.748   0.260   323.613
0.688   0.062   0.670   0.748   0.270   323.613
0.686   0.060   0.670   0.748   0.280   326.654
0.686   0.058   0.670   0.748   0.290   329.752
0.686   0.056   0.672   0.748   0.300   332.911
0.688   0.052   0.676   0.748   0.310   339.412
0.688   0.050   0.676   0.748   0.320   342.758
0.688   0.050   0.676   0.748   0.330   342.758
0.690   0.048   0.678   0.748   0.340   346.172
0.690   0.048   0.678   0.748   0.350   346.172
0.692   0.044   0.682   0.748   0.360   353.207
0.692   0.042   0.682   0.748   0.370   356.833
0.692   0.042   0.682   0.748   0.380   356.833
0.692   0.042   0.682   0.748   0.390   356.833
0.692   0.042   0.682   0.748   0.400   356.833
0.692   0.042   0.682   0.748   0.410   356.833
0.692   0.042   0.682   0.748   0.420   356.833
0.692   0.042   0.682   0.748   0.430   356.833
0.694   0.038   0.686   0.748   0.440   364.312
0.692   0.036   0.686   0.748   0.450   368.171
0.694   0.032   0.688   0.748   0.460   376.138
0.694   0.030   0.690   0.748   0.470   380.253
0.694   0.028   0.690   0.748   0.480   384.459
0.694   0.028   0.690   0.748   0.490   384.459
0.694   0.028   0.690   0.748   0.500   384.459
0.694   0.026   0.690   0.748   0.510   388.758
0.694   0.026   0.690   0.748   0.520   388.758
0.694   0.026   0.690   0.748   0.530   388.758
0.694   0.026   0.690   0.748   0.540   388.758
0.694   0.026   0.690   0.748   0.550   388.758
0.694   0.026   0.690   0.748   0.560   388.758
0.694   0.026   0.690   0.748   0.570   388.758
0.694   0.026   0.690   0.748   0.580   388.758
0.694   0.026   0.690   0.748   0.590   388.758
0.694   0.026   0.690   0.748   0.600   388.758
0.694   0.026   0.690   0.748   0.610   388.758
0.694   0.026   0.690   0.748   0.620   388.758
0.694   0.026   0.690   0.748   0.630   388.758
0.694   0.026   0.690   0.748   0.640   388.758
0.694   0.026   0.690   0.748   0.650   388.758
0.694   0.024   0.692   0.748   0.660   393.155
0.694   0.024   0.692   0.748   0.670   393.155
0.694   0.024   0.692   0.748   0.680   393.155
0.694   0.024   0.692   0.748   0.690   393.155
0.694   0.024   0.692   0.748   0.700   393.155
0.694   0.024   0.692   0.748   0.710   393.155
0.694   0.022   0.692   0.748   0.720   397.653
0.696   0.020   0.694   0.748   0.730   402.255
0.696   0.020   0.694   0.748   0.740   402.255
0.696   0.020   0.694   0.748   0.750   402.255
0.696   0.018   0.694   0.748   0.760   406.964
0.698   0.016   0.696   0.748   0.770   411.785
0.698   0.016   0.696   0.748   0.780   411.785
0.698   0.012   0.698   0.748   0.790   421.778
0.698   0.012   0.698   0.748   0.800   421.778
0.698   0.010   0.698   0.748   0.810   426.958
0.698   0.010   0.698   0.748   0.820   426.958
0.698   0.010   0.698   0.748   0.830   426.958
0.698   0.010   0.698   0.748   0.840   426.958
0.698   0.010   0.698   0.748   0.850   426.958
0.698   0.010   0.698   0.748   0.860   426.958
0.698   0.010   0.698   0.748   0.870   426.958
0.698   0.006   0.698   0.748   0.880   437.711
0.698   0.006   0.698   0.748   0.890   437.711
0.698   0.006   0.698   0.748   0.900   437.711
0.698   0.006   0.698   0.748   0.910   437.711
0.698   0.006   0.698   0.748   0.920   437.711
0.700   0.004   0.700   0.748   0.930   443.293
0.700   0.002   0.700   0.748   0.940   449.019
0.700   0.002   0.700   0.748   0.950   449.019
0.700   0.002   0.700   0.748   0.960   449.019
0.700   0.002   0.700   0.748   0.970   449.019
0.700   0.002   0.700   0.748   0.980   449.019
0.702   0.000   0.702   0.748   0.990   454.895
