0.780   0.040   0.757   0.840   0.000   360.534
0.780   0.040   0.757   0.840   0.010   360.534
0.780   0.040   0.757   0.840   0.020   360.534
0.780   0.040   0.757   0.840   0.030   360.534
0.780   0.040   0.757   0.840   0.040   360.534
0.780   0.040   0.757   0.840   0.050   360.534
0.780   0.040   0.757   0.840   0.060   360.534
0.780   0.040   0.757   0.840   0.070   360.534
0.780   0.040   0.757   0.840   0.080   360.534
0.780   0.040   0.757   0.840   0.090   360.534
0.780   0.040   0.757   0.840   0.100   360.534
0.780   0.040   0.757   0.840   0.110   360.534
0.780   0.040   0.757   0.840   0.120   360.534
0.780   0.040   0.757   0.840   0.130   360.534
0.780   0.040   0.757   0.840   0.140   360.534
0.780   0.040   0.757   0.840   0.150   360.534
0.780   0.040   0.757   0.840   0.160   360.534
0.780   0.040   0.757   0.840   0.170   360.534
0.780   0.040   0.757   0.840   0.180   360.534
0.780   0.040   0.757   0.840   0.190   360.534
0.780   0.040   0.757   0.840   0.200   360.534
0.780   0.040   0.757   0.840   0.210   360.534
0.780   0.040   0.757   0.840   0.220   360.534
0.780   0.040   0.757   0.840   0.230   360.534
0.780   0.040   0.757   0.840   0.240   360.534
0.783   0.043   0.757   0.840   0.250   354.407
0.783   0.043   0.757   0.840   0.260   354.407
0.783   0.043   0.757   0.840   0.270   354.407
0.783   0.043   0.757   0.840   0.280   354.407
0.783   0.043   0.757   0.840   0.290   354.407
0.783   0.050   0.753   0.840   0.300   342.758
0.790   0.060   0.750   0.840   0.310   326.654
0.790   0.063   0.747   0.840   0.320   321.617
0.790   0.063   0.747   0.840   0.330   321.617
0.790   0.067   0.743   0.840   0.340   316.732
0.787   0.077   0.737   0.840   0.350   302.931
0.790   0.083   0.733   0.840   0.360   294.380
0.793   0.090   0.730   0.840   0.370   286.298
0.793   0.100   0.727   0.840   0.380   274.974
0.797   0.103   0.727   0.840   0.390   271.396
0.800   0.107   0.727   0.840   0.400   267.910
0.797   0.127   0.713   0.840   0.410   248.739
0.797   0.133   0.713   0.840   0.420   242.944
0.797   0.133   0.713   0.840   0.430   242.944
0.797   0.143   0.707   0.840   0.440   234.741
0.800   0.153   0.703   0.840   0.450   227.074
0.800   0.153   0.703   0.840   0.460   227.074
0.800   0.163   0.697   0.840   0.470   219.892
0.803   0.177   0.690   0.840   0.480   210.994
0.810   0.190   0.683   0.840   0.490   202.788
0.807   0.203   0.673   0.840   0.500   195.196
0.800   0.227   0.653   0.840   0.510   183.195
0.813   0.250   0.647   0.840   0.520   172.584
0.817   0.257   0.643   0.840   0.530   169.774
0.813   0.270   0.637   0.840   0.540   164.420
0.810   0.280   0.627   0.840   0.550   160.622
0.810   0.297   0.613   0.840   0.560   154.666
0.813   0.310   0.610   0.840   0.570   150.210
0.807   0.320   0.600   0.840   0.580   147.034
0.807   0.327   0.593   0.840   0.590   144.989
0.807   0.333   0.587   0.840   0.600   143.001
0.810   0.350   0.573   0.840   0.610   138.261
0.810   0.353   0.573   0.840   0.620   137.351
0.813   0.370   0.563   0.840   0.630   132.972
0.817   0.380   0.557   0.840   0.640   130.477
0.817   0.380   0.557   0.840   0.650   130.477
0.817   0.393   0.543   0.840   0.660   127.291
0.817   0.410   0.530   0.840   0.670   123.522
0.820   0.420   0.527   0.840   0.680   121.366
0.823   0.443   0.513   0.840   0.690   116.616
0.827   0.463   0.497   0.840   0.700   112.830
0.827   0.473   0.487   0.840   0.710   111.028
0.827   0.483   0.480   0.840   0.720   109.283
0.823   0.500   0.463   0.840   0.730   106.493
0.820   0.517   0.450   0.840   0.740   103.842
0.820   0.527   0.443   0.840   0.750   102.314
0.820   0.537   0.433   0.840   0.760   100.830
0.823   0.550   0.423   0.840   0.770   98.917
0.823   0.567   0.407   0.840   0.780   96.626
0.827   0.587   0.393   0.840   0.790   94.012
0.827   0.587   0.393   0.840   0.800   94.012
0.830   0.600   0.383   0.840   0.810   92.347
0.830   0.610   0.373   0.840   0.820   91.137
0.830   0.620   0.363   0.840   0.830   89.958
0.830   0.630   0.353   0.840   0.840   88.808
0.830   0.647   0.337   0.840   0.850   86.957
0.830   0.660   0.327   0.840   0.860   85.531
0.833   0.667   0.327   0.840   0.870   84.835
0.833   0.700   0.293   0.840   0.880   81.519
0.833   0.720   0.273   0.840   0.890   79.651
0.833   0.730   0.263   0.840   0.900   78.749
0.833   0.743   0.250   0.840   0.910   77.577
0.837   0.760   0.237   0.840   0.920   76.161
0.837   0.767   0.230   0.840   0.930   75.609
0.840   0.793   0.207   0.840   0.940   73.478
0.840   0.820   0.180   0.840   0.950   71.464
0.840   0.843   0.157   0.840   0.960   69.790
0.840   0.860   0.140   0.840   0.970   68.641
0.840   0.880   0.120   0.840   0.980   67.312
0.840   0.913   0.087   0.840   0.990   65.208
