0.770   0.060   0.733   0.840   0.000   382.113
0.770   0.060   0.733   0.840   0.010   382.113
0.770   0.060   0.733   0.840   0.020   382.113
0.770   0.060   0.733   0.840   0.030   382.113
0.770   0.060   0.733   0.840   0.040   382.113
0.770   0.060   0.733   0.840   0.050   382.113
0.770   0.060   0.733   0.840   0.060   382.113
0.770   0.060   0.733   0.840   0.070   382.113
0.770   0.060   0.733   0.840   0.080   382.113
0.770   0.060   0.733   0.840   0.090   382.113
0.770   0.060   0.733   0.840   0.100   382.113
0.770   0.060   0.733   0.840   0.110   382.113
0.770   0.060   0.733   0.840   0.120   382.113
0.770   0.060   0.733   0.840   0.130   382.113
0.770   0.060   0.733   0.840   0.140   382.113
0.770   0.060   0.733   0.840   0.150   382.113
0.770   0.060   0.733   0.840   0.160   382.113
0.770   0.060   0.733   0.840   0.170   382.113
0.770   0.060   0.733   0.840   0.180   382.113
0.770   0.060   0.733   0.840   0.190   382.113
0.770   0.060   0.733   0.840   0.200   382.113
0.770   0.060   0.733   0.840   0.210   382.113
0.770   0.060   0.733   0.840   0.220   382.113
0.770   0.060   0.733   0.840   0.230   382.113
0.770   0.063   0.730   0.840   0.240   375.239
0.770   0.063   0.730   0.840   0.250   375.239
0.770   0.063   0.730   0.840   0.260   375.239
0.770   0.067   0.727   0.840   0.270   368.607
0.770   0.067   0.727   0.840   0.280   368.607
0.770   0.067   0.727   0.840   0.290   368.607
0.773   0.070   0.727   0.840   0.300   362.205
0.773   0.073   0.723   0.840   0.310   356.023
0.777   0.083   0.720   0.840   0.320   338.679
0.777   0.090   0.713   0.840   0.330   328.026
0.777   0.093   0.710   0.840   0.340   322.946
0.783   0.107   0.707   0.840   0.350   304.111
0.783   0.110   0.703   0.840   0.360   299.740
0.787   0.117   0.700   0.840   0.370   291.366
0.787   0.120   0.697   0.840   0.380   287.351
0.790   0.127   0.697   0.840   0.390   279.646
0.787   0.137   0.690   0.840   0.400   268.832
0.787   0.147   0.683   0.840   0.410   258.824
0.790   0.163   0.680   0.840   0.420   243.702
0.800   0.183   0.677   0.840   0.430   227.736
0.800   0.190   0.670   0.840   0.440   222.869
0.803   0.203   0.663   0.840   0.450   213.734
0.810   0.213   0.660   0.840   0.460   207.359
0.817   0.223   0.660   0.840   0.470   201.353
0.823   0.237   0.657   0.840   0.480   193.867
0.827   0.253   0.643   0.840   0.490   185.257
0.830   0.263   0.637   0.840   0.500   180.448
0.830   0.277   0.627   0.840   0.510   174.412
0.830   0.300   0.610   0.840   0.520   164.767
0.830   0.313   0.600   0.840   0.530   159.720
0.830   0.327   0.587   0.840   0.540   154.973
0.830   0.333   0.583   0.840   0.550   152.704
0.827   0.343   0.573   0.840   0.560   149.422
0.830   0.363   0.563   0.840   0.570   143.263
0.830   0.383   0.543   0.840   0.580   137.593
0.827   0.400   0.530   0.840   0.590   133.199
0.827   0.410   0.520   0.840   0.600   130.695
0.827   0.413   0.517   0.840   0.610   129.881
0.827   0.437   0.497   0.840   0.620   124.456
0.823   0.447   0.490   0.840   0.630   122.267
0.820   0.457   0.480   0.840   0.640   120.154
0.820   0.463   0.477   0.840   0.650   118.785
0.820   0.477   0.467   0.840   0.660   116.140
0.820   0.487   0.457   0.840   0.670   114.231
0.820   0.503   0.440   0.840   0.680   111.186
0.830   0.520   0.433   0.840   0.690   108.300
0.830   0.533   0.423   0.840   0.700   106.096
0.830   0.537   0.420   0.840   0.710   105.559
0.830   0.550   0.407   0.840   0.720   103.464
0.827   0.563   0.393   0.840   0.730   101.451
0.827   0.573   0.383   0.840   0.740   99.992
0.827   0.587   0.380   0.840   0.750   98.111
0.830   0.607   0.367   0.840   0.760   95.418
0.830   0.620   0.360   0.840   0.770   93.703
0.830   0.630   0.350   0.840   0.780   92.457
0.833   0.643   0.340   0.840   0.790   90.846
0.833   0.653   0.333   0.840   0.800   89.674
0.833   0.667   0.320   0.840   0.810   88.158
0.833   0.670   0.317   0.840   0.820   87.787
0.833   0.687   0.300   0.840   0.830   85.977
0.837   0.703   0.287   0.840   0.840   84.241
0.837   0.707   0.283   0.840   0.850   83.902
0.837   0.723   0.267   0.840   0.860   82.248
0.837   0.730   0.260   0.840   0.870   81.604
0.833   0.737   0.253   0.840   0.880   80.971
0.833   0.750   0.240   0.840   0.890   79.732
0.833   0.763   0.227   0.840   0.900   78.532
0.833   0.780   0.210   0.840   0.910   77.080
0.837   0.797   0.197   0.840   0.920   75.682
0.840   0.807   0.190   0.840   0.930   74.867
0.840   0.827   0.173   0.840   0.940   73.288
0.840   0.850   0.150   0.840   0.950   71.529
0.840   0.880   0.120   0.840   0.960   69.387
0.840   0.910   0.090   0.840   0.970   67.370
0.840   0.937   0.063   0.840   0.980   65.673
0.840   0.953   0.047   0.840   0.990   64.655
