0.198   0.187   619.762 13.194	1
0.166   0.190   621.747 12.073	2
0.205   0.167   619.070 12.115	3
0.239   0.180   617.744 12.275	4
0.220   0.167   616.558 12.169	5
0.237   0.200   616.955 12.166	6
0.249   0.270   616.986 12.289	7
0.305   0.217   616.472 12.181	8
0.404   0.317   616.800 12.160	9
0.426   0.237   616.210 12.302	10
0.435   0.223   616.800 12.170	11
0.452   0.367   615.457 12.187	12
0.482   0.460   616.244 12.300	13
0.495   0.420   617.295 12.162	14
0.502   0.410   617.882 12.146	15
0.545   0.443   617.248 12.285	16
0.553   0.463   616.075 12.170	17
0.571   0.467   617.013 12.166	18
0.560   0.440   617.490 12.284	19
0.558   0.490   616.715 12.179	20
0.578   0.500   616.470 12.169	21
0.576   0.543   617.468 12.283	22
0.599   0.470   618.390 12.132	23
0.599   0.570   616.237 12.178	24
0.580   0.550   618.622 12.141	25
0.598   0.553   616.158 12.309	26
0.608   0.573   617.100 12.170	27
0.603   0.580   617.150 12.173	28
0.592   0.477   618.506 12.262	29
0.619   0.550   616.882 12.160	30
0.630   0.573   617.480 12.144	31
0.630   0.590   617.882 12.272	32
0.619   0.540   617.753 12.134	33
0.642   0.567   616.962 12.165	34
0.631   0.617   617.328 12.280	35
0.652   0.480   617.022 12.164	36
0.640   0.573   617.005 12.154	37
0.627   0.540   617.546 12.283	38
0.653   0.647   617.783 12.159	39
0.660   0.673   617.197 12.156	40
0.657   0.617   617.276 12.288	41
0.666   0.587   618.007 12.145	42
0.685   0.647   618.567 12.129	43
0.691   0.607   618.480 12.263	44
0.671   0.633   617.275 12.155	45
0.683   0.607   617.340 12.151	46
0.678   0.587   618.628 12.259	47
0.668   0.627   617.062 12.150	48
0.677   0.520   618.788 12.128	49
0.670   0.670   618.163 12.147	50
0.721   0.613   618.072 12.266	51
0.697   0.603   617.837 12.136	52
0.676   0.647   618.992 12.118	53
0.686   0.707   617.640 12.279	54
0.721   0.613   617.880 12.140	55
0.693   0.673   616.605 12.168	56
0.726   0.637   617.412 12.281	57
0.705   0.613   617.562 12.151	58
0.697   0.670   616.403 12.167	59
0.712   0.653   617.742 12.274	60
0.725   0.643   616.918 12.161	61
0.731   0.663   618.905 12.127	62
0.728   0.650   619.824 12.239	63
0.731   0.610   618.575 12.132	64
0.735   0.603   616.990 12.160	65
0.727   0.690   615.780 12.313	66
0.726   0.717   618.970 12.128	67
0.712   0.677   618.540 12.133	68
0.721   0.683   618.678 12.254	69
0.728   0.673   617.475 12.159	70
0.730   0.740   617.510 12.153	71
0.759   0.700   618.108 12.270	72
0.755   0.687   616.553 12.166	73
0.746   0.637   618.308 12.136	74
0.756   0.660   616.868 12.163	75
0.766   0.693   617.782 12.279	76
0.774   0.707   617.597 12.173	77
0.761   0.760   617.675 12.159	78
0.768   0.633   617.604 12.280	79
0.757   0.710   617.962 12.151	80
0.771   0.737   617.110 12.169	81
0.749   0.680   618.882 12.254	82
0.775   0.680   616.795 12.166	83
0.763   0.683   618.180 12.137	84
0.792   0.633   618.498 12.264	85
0.773   0.650   618.360 12.130	86
0.774   0.707   617.848 12.148	87
0.765   0.670   617.812 12.276	88
0.802   0.687   617.183 12.161	89
0.772   0.697   618.957 12.117	90
0.800   0.703   619.402 12.243	91
0.779   0.780   619.285 12.122	92
0.749   0.690   617.862 12.147	93
0.773   0.713   618.110 12.269	94
0.808   0.720   617.715 12.144	95
0.790   0.703   617.685 12.145	96
0.805   0.737   618.878 12.254	97
0.789   0.753   618.773 12.132	98
0.794   0.757   618.055 12.132	99
0.799   0.717   617.263 12.155	100
0.797   0.767   618.092 12.268	101
0.807   0.727   618.595 12.133	102
0.790   0.653   618.365 12.135	103
0.807   0.713   619.708 12.241	104
0.818   0.737   619.123 12.127	105
0.807   0.733   617.447 12.155	106
0.818   0.740   618.550 12.260	107
0.808   0.697   618.880 12.137	108
0.825   0.703   618.275 12.135	109
0.832   0.720   619.702 12.239	110
