0.213   0.190   603.052 13.673	1
0.230   0.237   606.620 12.390	2
0.276   0.280   604.095 12.446	3
0.283   0.310   601.902 12.600	4
0.318   0.297   600.870 12.528	5
0.349   0.383   599.373 12.539	6
0.395   0.377   598.844 12.668	7
0.429   0.410   597.722 12.562	8
0.474   0.353   597.540 12.567	9
0.505   0.467   594.718 12.753	10
0.498   0.450   595.268 12.620	11
0.534   0.487   595.472 12.595	12
0.541   0.467   596.878 12.704	13
0.564   0.570   597.673 12.577	14
0.570   0.507   597.655 12.558	15
0.598   0.540   597.698 12.688	16
0.604   0.587   597.612 12.561	17
0.629   0.577   597.467 12.560	18
0.625   0.497   598.006 12.681	19
0.605   0.587   597.173 12.568	20
0.604   0.510   597.293 12.565	21
0.629   0.623   597.426 12.695	22
0.674   0.587   597.070 12.570	23
0.659   0.593   596.668 12.571	24
0.651   0.577   596.905 12.576	25
0.679   0.663   597.106 12.700	26
0.665   0.610   596.535 12.579	27
0.664   0.557   593.462 12.653	28
0.682   0.663   595.782 12.720	29
0.700   0.663   596.170 12.588	30
0.693   0.707   596.405 12.593	31
0.709   0.680   596.786 12.710	32
0.681   0.637   596.600 12.587	33
0.711   0.670   596.695 12.576	34
0.724   0.650   596.952 12.703	35
0.718   0.603   596.373 12.578	36
0.714   0.673   596.545 12.581	37
0.708   0.693   596.448 12.715	38
0.709   0.697   596.240 12.574	39
0.737   0.643   596.490 12.592	40
0.743   0.697   596.894 12.718	41
0.744   0.627   596.140 12.593	42
0.752   0.713   595.590 12.589	43
0.758   0.607   596.756 12.712	44
0.761   0.707   596.570 12.584	45
0.750   0.690   596.312 12.585	46
0.783   0.683   596.788 12.707	47
0.766   0.683   595.263 12.609	48
0.768   0.663   596.322 12.588	49
0.762   0.697   596.223 12.587	50
0.761   0.710   597.160 12.704	51
0.771   0.703   596.405 12.584	52
0.773   0.723   596.472 12.584	53
0.785   0.687   596.446 12.717	54
0.800   0.663   596.673 12.573	55
0.804   0.687   596.538 12.577	56
0.802   0.690   596.574 12.704	57
0.792   0.697   596.562 12.583	58
0.794   0.653   596.652 12.581	59
0.792   0.733   595.110 12.732	60
0.808   0.730   596.235 12.600	61
0.822   0.710   596.173 12.585	62
0.814   0.730   596.828 12.711	63
0.829   0.677   596.567 12.582	64
0.822   0.670   596.385 12.585	65
0.827   0.663   596.784 12.717	66
0.826   0.693   597.087 12.574	67
0.834   0.663   597.310 12.578	68
0.828   0.593   596.702 12.713	69
0.819   0.747   596.330 12.596	70
0.840   0.750   596.673 12.587	71
0.831   0.753   596.080 12.723	72
0.855   0.690   596.250 12.583	73
0.839   0.667   596.512 12.582	74
0.849   0.693   595.972 12.586	75
0.867   0.713   596.332 12.718	76
0.861   0.717   596.705 12.580	77
0.853   0.697   596.440 12.583	78
0.875   0.757   596.688 12.711	79
0.868   0.737   596.213 12.587	80
0.880   0.687   596.390 12.584	81
0.859   0.713   596.306 12.717	82
0.874   0.757   596.990 12.589	83
0.879   0.737   597.405 12.593	84
0.890   0.680   597.206 12.707	85
0.880   0.720   596.640 12.587	86
0.879   0.747   596.610 12.578	87
0.879   0.720   596.810 12.706	88
0.886   0.700   596.688 12.577	89
0.901   0.723   596.595 12.583	90
0.881   0.700   595.988 12.724	91
0.895   0.713   596.663 12.573	92
0.890   0.723   595.523 12.582	93
0.899   0.740   597.666 12.697	94
0.918   0.767   597.600 12.580	95
0.902   0.710   597.140 12.601	96
0.917   0.697   597.176 12.699	97
0.900   0.720   596.245 12.589	98
0.902   0.720   596.655 12.581	99
0.912   0.697   597.173 12.570	100
0.913   0.740   596.410 12.718	101
0.905   0.733   597.108 12.562	102
0.921   0.723   596.740 12.581	103
0.920   0.733   597.252 12.701	104
0.921   0.707   596.450 12.576	105
0.911   0.677   596.535 12.582	106
0.927   0.673   597.380 12.701	107
0.926   0.740   596.583 12.599	108
0.932   0.723   595.758 12.592	109
0.920   0.710   596.804 12.707	110

