0.273   0.273   920.718 9.163	1
0.382   0.360   929.280 8.120	2
0.448   0.383   927.192 8.128	3
0.495   0.473   924.788 8.225	4
0.509   0.500   925.618 8.142	5
0.528   0.477   923.715 8.152	6
0.533   0.467   923.360 8.245	7
0.566   0.463   920.805 8.186	8
0.584   0.547   920.972 8.180	9
0.616   0.597   918.502 8.286	10
0.584   0.557   918.118 8.199	11
0.616   0.610   918.370 8.205	12
0.616   0.580   916.842 8.303	13
0.645   0.613   915.803 8.229	14
0.639   0.563   916.480 8.221	15
0.667   0.653   917.504 8.294	16
0.657   0.667   916.825 8.210	17
0.669   0.633   916.685 8.214	18
0.668   0.517   916.662 8.296	19
0.671   0.587   916.697 8.212	20
0.711   0.680   916.312 8.231	21
0.681   0.690   917.230 8.299	22
0.701   0.643   916.320 8.218	23
0.713   0.693   917.808 8.210	24
0.713   0.673   916.450 8.223	25
0.717   0.717   916.656 8.301	26
0.724   0.713   916.690 8.215	27
0.716   0.677   916.957 8.215	28
0.706   0.640   916.652 8.299	29
0.739   0.710   916.420 8.216	30
0.740   0.670   917.090 8.218	31
0.741   0.753   917.770 8.289	32
0.746   0.673   917.235 8.211	33
0.747   0.683   916.850 8.209	34
0.737   0.723   917.568 8.297	35
0.749   0.623   916.560 8.211	36
0.754   0.673   917.092 8.201	37
0.753   0.720   915.164 8.314	38
0.774   0.693   916.720 8.207	39
0.768   0.720   915.495 8.222	40
0.784   0.653   917.662 8.285	41
0.780   0.733   917.060 8.216	42
0.799   0.703   915.280 8.218	43
0.801   0.740   917.162 8.294	44
0.798   0.700   916.967 8.211	45
0.774   0.727   917.213 8.199	46
0.789   0.733   917.832 8.284	47
0.799   0.747   916.665 8.210	48
0.807   0.733   917.045 8.207	49
0.811   0.727   916.115 8.219	50
0.807   0.703   917.936 8.296	51
0.833   0.743   916.452 8.209	52
0.809   0.720   917.130 8.209	53
0.811   0.750   916.786 8.300	54
0.806   0.723   917.298 8.209	55
0.824   0.730   916.538 8.210	56
0.834   0.740   916.880 8.303	57
0.830   0.747   915.082 8.231	58
0.812   0.763   916.325 8.218	59
0.809   0.747   915.660 8.311	60
0.825   0.730   915.998 8.211	61
0.841   0.717   916.400 8.223	62
0.837   0.747   916.854 8.299	63
0.845   0.727   913.830 8.227	64
0.839   0.717   916.790 8.213	65
0.839   0.717   916.476 8.303	66
0.862   0.730   916.230 8.212	67
0.834   0.700   916.217 8.218	68
0.859   0.750   916.160 8.306	69
0.857   0.723   915.520 8.232	70
0.854   0.700   915.955 8.227	71
0.876   0.710   917.182 8.300	72
0.830   0.690   918.612 8.203	73
0.871   0.737   915.983 8.226	74
0.861   0.720   916.133 8.219	75
0.856   0.750   917.130 8.300	76
0.864   0.730   915.190 8.220	77
0.862   0.747   917.040 8.214	78
0.871   0.717   916.250 8.307	79
0.889   0.760   917.817 8.203	80
0.870   0.713   915.798 8.217	81
0.881   0.710   918.446 8.286	82
0.881   0.687   916.590 8.216	83
0.891   0.760   914.172 8.231	84
0.876   0.737   916.636 8.307	85
0.888   0.753   917.033 8.213	86
0.884   0.750   917.583 8.213	87
0.881   0.747   917.610 8.293	88
0.893   0.747   916.685 8.226	89
0.893   0.767   917.408 8.202	90
0.893   0.737   916.656 8.294	91
0.880   0.697   918.017 8.210	92
0.887   0.677   916.268 8.211	93
0.879   0.697   917.982 8.286	94
0.905   0.723   917.685 8.202	95
0.897   0.753   918.263 8.206	96
0.891   0.743   917.486 8.289	97
0.897   0.683   916.812 8.214	98
0.885   0.757   916.973 8.208	99
0.907   0.770   917.652 8.208	100
0.919   0.753   918.338 8.285	101
0.912   0.747   918.058 8.202	102
0.904   0.603   918.918 8.204	103
0.913   0.707   918.908 8.280	104
0.900   0.713   917.268 8.212	105
0.899   0.733   917.315 8.208	106
0.923   0.777   917.928 8.291	107
0.910   0.730   918.557 8.201	108
0.895   0.697   918.382 8.206	109
0.907   0.740   918.426 8.286	110

