0.177   0.180   606.896 13.531	1
0.216   0.250   609.955 12.303	2
0.219   0.207   609.865 12.303	3
0.199   0.267   609.828 12.433	4
0.213   0.217   610.003 12.305	5
0.219   0.250   609.597 12.311	6
0.228   0.157   610.032 12.429	7
0.237   0.283   610.230 12.299	8
0.274   0.270   609.555 12.307	9
0.264   0.283   609.616 12.438	10
0.284   0.250   608.952 12.322	11
0.293   0.220   609.755 12.299	12
0.275   0.263   609.564 12.439	13
0.290   0.303   610.215 12.295	14
0.284   0.283   609.827 12.306	15
0.305   0.287   609.706 12.435	16
0.298   0.297   611.257 12.273	17
0.305   0.313   609.940 12.301	18
0.326   0.330   610.148 12.426	19
0.363   0.277   609.628 12.311	20
0.409   0.367   609.957 12.306	21
0.432   0.447   610.852 12.410	22
0.441   0.423   610.635 12.292	23
0.479   0.457   610.188 12.297	24
0.486   0.477   610.857 12.287	25
0.501   0.330   610.736 12.415	26
0.531   0.483   610.600 12.294	27
0.516   0.427   613.023 12.244	28
0.529   0.453   611.232 12.407	29
0.562   0.437   611.048 12.283	30
0.541   0.450   610.875 12.285	31
0.537   0.433   611.076 12.407	32
0.565   0.447   610.910 12.284	33
0.584   0.423   611.098 12.277	34
0.551   0.510   611.862 12.391	35
0.576   0.473   611.220 12.275	36
0.587   0.530   611.700 12.269	37
0.580   0.500   611.924 12.389	38
0.596   0.547   611.655 12.269	39
0.590   0.570   611.378 12.272	40
0.623   0.500   611.630 12.396	41
0.608   0.553   611.648 12.270	42
0.619   0.550   611.503 12.276	43
0.625   0.607   611.480 12.397	44
0.634   0.590   611.605 12.268	45
0.603   0.573   611.697 12.267	46
0.620   0.530   612.724 12.373	47
0.638   0.553   612.257 12.256	48
0.651   0.530   612.625 12.254	49
0.627   0.603   612.923 12.246	50
0.619   0.653   612.812 12.375	51
0.665   0.600   613.183 12.237	52
0.636   0.560   614.540 12.215	53
0.651   0.573   614.760 12.335	54
0.659   0.570   613.390 12.234	55
0.660   0.587   613.170 12.235	56
0.665   0.600   613.636 12.359	57
0.672   0.600   612.950 12.245	58
0.658   0.637   613.810 12.230	59
0.663   0.640   614.118 12.347	60
0.664   0.643   614.197 12.218	61
0.676   0.633   614.298 12.219	62
0.675   0.640   614.006 12.353	63
0.677   0.667   613.080 12.236	64
0.676   0.623   612.993 12.242	65
0.660   0.627   614.324 12.344	66
0.705   0.663   612.800 12.238	67
0.685   0.623   613.178 12.244	68
0.686   0.627   613.404 12.361	69
0.677   0.590   613.003 12.242	70
0.709   0.633   614.138 12.218	71
0.717   0.653   614.210 12.338	72
0.714   0.643   615.268 12.194	73
0.700   0.677   615.837 12.192	74
0.689   0.653   615.175 12.201	75
0.696   0.643   616.268 12.304	76
0.735   0.683   615.442 12.193	77
0.738   0.663   614.675 12.212	78
0.721   0.667   615.024 12.330	79
0.733   0.657   615.753 12.185	80
0.727   0.583   614.940 12.199	81
0.722   0.647   615.556 12.316	82
0.741   0.650   614.720 12.204	83
0.752   0.687   615.345 12.204	84
0.751   0.667   614.742 12.333	85
0.766   0.663   616.123 12.179	86
0.734   0.690   614.592 12.212	87
0.761   0.700   616.686 12.296	88
0.796   0.710   614.995 12.205	89
0.735   0.697   614.428 12.211	90
0.757   0.667   615.294 12.320	91
0.768   0.713   615.222 12.198	92
0.767   0.667   615.808 12.186	93
0.753   0.663   615.230 12.323	94
0.782   0.687   616.065 12.180	95
0.785   0.697   615.055 12.202	96
0.791   0.677   615.490 12.321	97
0.778   0.673   615.688 12.195	98
0.789   0.683   615.815 12.187	99
0.804   0.740   615.688 12.186	100
0.788   0.660   616.202 12.303	101
0.785   0.637   615.485 12.192	102
0.782   0.700   615.362 12.200	103
0.778   0.703   615.560 12.321	104
0.801   0.723   615.920 12.176	105
0.792   0.660   616.885 12.170	106
0.803   0.683   616.906 12.292	107
0.819   0.703   617.233 12.159	108
0.805   0.690   616.642 12.175	109
0.798   0.683   616.750 12.295	110
