0.254   0.280   251.572 31.325	1
0.341   0.373   253.005 29.494	2
0.457   0.350   254.660 29.415	3
0.486   0.420   254.686 29.625	4
0.525   0.470   254.095 29.383	5
0.540   0.410   253.377 29.532	6
0.579   0.490   255.484 29.558	7
0.585   0.440   253.278 29.556	8
0.594   0.377   255.322 29.380	9
0.619   0.573   252.586 29.877	10
0.602   0.467   252.905 29.510	11
0.632   0.587   254.075 29.422	12
0.651   0.563   255.228 29.568	13
0.656   0.633   252.910 29.486	14
0.638   0.540   253.248 29.484	15
0.677   0.567   257.186 29.347	16
0.684   0.677   253.025 29.494	17
0.681   0.647   254.475 29.412	18
0.669   0.640   254.894 29.606	19
0.691   0.643   252.655 29.541	20
0.700   0.660   253.825 29.383	21
0.700   0.647   252.628 29.868	22
0.739   0.620   254.260 29.436	23
0.718   0.713   252.293 29.527	24
0.727   0.670   253.235 29.298	25
0.723   0.597   253.982 29.703	26
0.726   0.643   254.410 29.416	27
0.728   0.663   252.268 29.481	28
0.745   0.713   253.236 29.806	29
0.756   0.707   254.535 29.420	30
0.760   0.707   253.685 29.415	31
0.765   0.677   254.836 29.610	32
0.756   0.700   253.437 29.433	33
0.770   0.747   253.140 29.532	34
0.760   0.717   256.836 29.408	35
0.771   0.747   252.057 29.538	36
0.779   0.730   253.145 29.412	37
0.766   0.737   253.410 29.722	38
0.794   0.690   252.038 29.534	39
0.799   0.703   253.325 29.449	40
0.816   0.710   254.336 29.684	41
0.785   0.740   253.005 29.514	42
0.813   0.733   254.025 29.401	43
0.804   0.713   257.846 29.271	44
0.812   0.677   251.815 29.582	45
0.806   0.723   254.755 29.381	46
0.823   0.733   252.546 29.875	47
0.819   0.680   254.030 29.431	48
0.823   0.743   254.008 29.406	49
0.834   0.720   253.062 29.450	50
0.805   0.747   253.480 29.732	51
0.842   0.680   254.260 29.439	52
0.819   0.733   257.218 29.074	53
0.826   0.757   253.428 29.721	54
0.833   0.720   253.787 29.445	55
0.827   0.707   254.255 29.399	56
0.845   0.753   254.372 29.675	57
0.842   0.757   253.132 29.529	58
0.839   0.703   252.527 29.560	59
0.825   0.773   252.614 29.841	60
0.851   0.780   254.227 29.424	61
0.866   0.700   257.505 29.042	62
0.853   0.763   253.368 29.763	63
0.851   0.793   252.230 29.579	64
0.863   0.687   254.785 29.294	65
0.849   0.783   253.632 29.729	66
0.866   0.733   253.452 29.384	67
0.860   0.767   253.337 29.536	68
0.861   0.767   254.682 29.624	69
0.858   0.713   253.623 29.412	70
0.884   0.737   253.618 29.134	71
0.876   0.693   252.478 29.885	72
0.883   0.743   252.495 29.563	73
0.867   0.760   253.520 29.476	74
0.863   0.753   252.325 29.514	75
0.897   0.717   253.720 29.716	76
0.877   0.780   254.260 29.359	77
0.888   0.700   254.500 29.408	78
0.886   0.723   253.968 29.703	79
0.907   0.687   253.050 29.480	80
0.898   0.737   256.248 29.292	81
0.881   0.753   254.608 29.614	82
0.897   0.700   253.148 29.488	83
0.895   0.710   253.412 29.475	84
0.879   0.710   252.154 29.917	85
0.897   0.747   254.175 29.370	86
0.903   0.740   252.855 29.482	87
0.893   0.727   253.262 29.757	88
0.907   0.753   253.982 29.404	89
0.903   0.723   258.085 29.010	90
0.902   0.737   252.730 29.851	91
0.907   0.743   253.602 29.436	92
0.881   0.697   253.860 29.446	93
0.897   0.710   253.900 29.697	94
0.919   0.767   252.350 29.516	95
0.904   0.770   252.493 29.558	96
0.915   0.767   252.550 29.880	97
0.901   0.720   255.107 29.383	98
0.915   0.730   258.035 29.050	99
0.899   0.723   252.257 29.559	100
