0.520   0.387   607.970 6.985	1
0.514   0.487   612.415 5.884	2
0.585   0.527   614.375 5.874	3
0.548   0.547   610.580 6.042	4
0.590   0.647   610.215 5.911	5
0.724   0.640   610.720 5.916	6
0.625   0.707   610.715 6.038	7
0.714   0.647   608.770 5.931	8
0.747   0.733   607.075 5.943	9
0.702   0.687   609.460 6.050	10
0.722   0.693   609.090 5.924	11
0.739   0.707   608.705 5.921	12
0.758   0.680   606.650 6.072	13
0.766   0.700   607.045 5.943	14
0.770   0.693   607.420 5.937	15
0.783   0.760   605.205 6.080	16
0.789   0.647   606.965 5.941	17
0.775   0.707   605.675 5.954	18
0.792   0.767   606.380 6.076	19
0.777   0.707   606.835 5.946	20
0.790   0.700   604.300 5.968	21
0.788   0.793   606.610 6.071	22
0.829   0.767   605.595 5.958	23
0.840   0.667   605.540 5.960	24
0.834   0.767   605.435 5.954	25
0.787   0.760   605.610 6.081	26
0.832   0.760   604.985 5.969	27
0.823   0.793   606.000 5.960	28
0.813   0.800   604.365 6.098	29
0.827   0.780   602.985 5.981	30
0.836   0.747   604.910 5.970	31
0.788   0.780   605.105 6.092	32
0.830   0.767   604.570 5.965	33
0.804   0.740   606.715 5.944	34
0.825   0.760   606.615 6.076	35
0.848   0.813   605.800 5.957	36
0.808   0.740   606.815 5.948	37
0.837   0.733   605.710 6.074	38
0.817   0.760   606.470 5.949	39
0.850   0.807   604.475 5.972	40
0.843   0.793   604.235 6.093	41
0.815   0.840   606.360 5.955	42
0.850   0.780   604.975 5.958	43
0.853   0.853   605.255 6.087	44
0.872   0.793   605.620 5.959	45
0.874   0.793   604.025 5.970	46
0.865   0.793   604.460 6.094	47
0.855   0.800   605.205 5.960	48
0.863   0.780   605.920 5.942	49
0.867   0.787   605.825 5.951	50
0.837   0.800   605.505 6.084	51
0.899   0.780   605.600 5.956	52
0.865   0.787   605.375 5.969	53
0.838   0.827   604.615 6.094	54
0.848   0.807   606.415 5.956	55
0.872   0.807   606.275 5.946	56
0.873   0.827   605.290 6.080	57
0.884   0.767   605.860 5.956	58
0.886   0.793   604.020 5.977	59
0.887   0.800   606.130 6.070	60
0.888   0.733   605.750 5.956	61
0.870   0.807   605.415 5.956	62
0.870   0.820   604.705 6.090	63
0.874   0.740   603.215 5.982	64
0.872   0.773   604.515 5.961	65
0.877   0.760   605.275 6.083	66
0.867   0.760   605.825 5.957	67
0.888   0.793   606.520 5.949	68
0.892   0.733   606.340 6.072	69
0.876   0.813   605.870 5.953	70
0.903   0.813   606.280 5.950	71
0.880   0.793   605.075 6.088	72
0.886   0.793   606.140 5.952	73
0.909   0.787   605.485 5.958	74
0.910   0.807   605.850 5.956	75
0.902   0.787   605.875 6.079	76
0.876   0.800   605.645 5.955	77
0.899   0.833   605.950 5.954	78
0.903   0.827   606.110 6.079	79
0.895   0.760   603.145 5.977	80
0.880   0.807   605.690 5.959	81
0.913   0.793   605.935 6.079	82
0.935   0.787   605.400 5.967	83
0.914   0.733   605.295 5.958	84
0.917   0.807   604.825 6.086	85
0.926   0.800   605.190 5.961	86
0.905   0.827   606.055 5.954	87
0.925   0.807   605.515 6.083	88
0.867   0.793   605.250 5.962	89
0.916   0.847   607.090 5.946	90
0.905   0.787   607.100 6.071	91
0.930   0.807   604.570 5.968	92
0.918   0.813   605.810 5.955	93
0.917   0.793   607.290 6.057	94
0.916   0.800   606.650 5.948	95
0.903   0.787   605.085 5.965	96
0.940   0.820   605.275 6.084	97
0.926   0.827   605.520 5.967	98
0.937   0.760   604.770 5.965	99
0.931   0.820   606.380 5.951	100
0.920   0.813   606.375 6.074	101
0.931   0.793   606.400 5.941	102
0.903   0.747   604.945 5.965	103
0.945   0.780   603.865 6.104	104
0.918   0.813   605.185 5.962	105
0.939   0.787   605.780 5.956	106
0.953   0.800   605.470 6.083	107
0.922   0.860   606.050 5.954	108
0.941   0.813   605.760 5.955	109
0.957   0.820   605.910 6.082	110
