0.338   0.383   839.676 9.947	1
0.418   0.347   845.702 8.908	2
0.458   0.463   842.385 8.937	3
0.508   0.457   840.348 9.052	4
0.527   0.463   838.630 8.973	5
0.528   0.490   838.197 8.982	6
0.553   0.473   837.886 9.073	7
0.601   0.437   835.857 9.004	8
0.604   0.540   833.913 9.020	9
0.630   0.603   835.778 9.097	10
0.607   0.543   834.798 9.014	11
0.630   0.647   834.922 9.009	12
0.639   0.570   834.212 9.112	13
0.648   0.693   833.408 9.030	14
0.633   0.523   833.415 9.022	15
0.667   0.683   834.808 9.103	16
0.669   0.680   832.845 9.030	17
0.681   0.640   833.967 9.028	18
0.695   0.637   833.300 9.118	19
0.703   0.550   832.487 9.032	20
0.710   0.670   834.255 9.018	21
0.717   0.657   833.696 9.117	22
0.715   0.667   832.587 9.039	23
0.726   0.650   830.745 9.060	24
0.721   0.707   829.635 9.065	25
0.745   0.667   833.612 9.118	26
0.734   0.690   833.887 9.023	27
0.728   0.680   833.668 9.025	28
0.715   0.677   833.562 9.120	29
0.753   0.647   833.592 9.018	30
0.748   0.620   833.812 9.023	31
0.767   0.747   833.104 9.118	32
0.755   0.667   833.470 9.019	33
0.752   0.733   832.788 9.033	34
0.738   0.720   834.340 9.106	35
0.751   0.673   831.865 9.050	36
0.778   0.677   832.210 9.041	37
0.783   0.730   832.762 9.125	38
0.773   0.707   833.160 9.029	39
0.781   0.777   833.050 9.034	40
0.782   0.757   831.408 9.142	41
0.789   0.737   832.132 9.035	42
0.799   0.707   833.470 9.029	43
0.794   0.693   833.894 9.114	44
0.792   0.723   833.465 9.026	45
0.784   0.743   834.825 9.016	46
0.799   0.750   833.398 9.120	47
0.790   0.727   834.010 9.029	48
0.817   0.713   833.805 9.025	49
0.822   0.760   832.905 9.034	50
0.819   0.703   833.554 9.121	51
0.825   0.707   832.622 9.033	52
0.815   0.727   834.075 9.028	53
0.813   0.697   833.782 9.113	54
0.825   0.750   832.548 9.040	55
0.821   0.683   830.463 9.059	56
0.833   0.777   832.220 9.136	57
0.874   0.780   843.376 9.900	58
0.881   0.773   850.408 8.858	59
0.898   0.773   846.308 8.891	60
0.909   0.777   845.444 8.989	61
0.907   0.753   843.447 8.911	62
0.901   0.777   840.837 8.947	63
0.918   0.777   840.338 9.047	64
0.905   0.770   839.633 8.969	65
0.926   0.753   838.515 8.981	66
0.925   0.763   838.286 9.062	67
0.924   0.770   837.543 8.980	68
0.922   0.753   836.785 8.992	69
0.927   0.763   836.686 9.089	70
0.920   0.757   835.587 9.002	71
0.936   0.783   837.043 8.998	72
0.930   0.757   836.102 9.090	73
0.928   0.747   836.972 8.984	74
0.938   0.773   836.763 8.988	75
0.941   0.747   837.000 9.084	76
0.931   0.763   837.018 8.993	77
0.933   0.753   837.065 8.993	78
0.940   0.757   837.236 9.080	79
0.935   0.760   837.192 8.995	80
0.942   0.750   835.572 9.002	81
0.933   0.763   836.275 9.003	82
0.943   0.763   835.458 9.098	83
0.945   0.733   836.170 8.993	84
0.941   0.770   837.420 8.986	85
0.942   0.747   835.528 9.098	86
0.954   0.777   836.565 8.995	87
0.949   0.757   837.132 8.992	88
0.941   0.743   836.052 9.093	89
0.941   0.757   835.715 9.005	90
0.944   0.743   835.720 8.997	91
0.948   0.757   835.748 9.095	92
0.956   0.760   835.317 9.009	93
0.946   0.763   835.890 9.002	94
0.949   0.747   835.566 9.097	95
0.955   0.767   836.255 8.997	96
0.961   0.757   836.055 8.993	97
0.957   0.753   835.920 9.091	98
0.944   0.757   835.575 8.997	99
0.960   0.763   834.380 9.007	100
0.961   0.743   836.180 9.091	101
0.952   0.723   836.240 9.003	102
0.956   0.743   836.035 9.006	103
0.963   0.757   834.504 9.104	104
0.959   0.767   834.888 9.012	105
0.961   0.790   835.215 9.008	106
