0.067   0.197   470.616 16.705	1
0.333   0.223   472.211 15.953	2
0.250   0.253   473.038 15.896	3
0.200   0.280   472.859 15.931	4
0.333   0.370   472.977 15.895	5
0.467   0.393   472.629 15.935	6
0.400   0.467   471.336 15.981	7
0.463   0.423   472.325 15.916	8
0.400   0.547   471.340 15.982	9
0.460   0.493   472.828 15.907	10
0.733   0.473   471.947 15.969	11
0.467   0.540   472.838 15.935	12
0.543   0.543   473.406 15.887	13
0.600   0.540   471.764 15.967	14
0.593   0.560   471.683 15.940	15
0.733   0.610   468.183 16.089	16
0.467   0.583   470.799 16.000	17
0.647   0.603   471.755 15.935	18
0.600   0.667   469.764 16.034	19
0.597   0.590   470.726 15.969	20
0.533   0.583   472.064 15.958	21
0.533   0.673   472.190 15.952	22
0.687   0.610   471.986 15.927	23
0.600   0.597   470.834 15.997	24
0.597   0.663   471.834 15.937	25
0.467   0.647   471.922 15.962	26
0.600   0.657   470.869 15.998	27
0.657   0.630   472.102 15.922	28
0.533   0.590   471.639 15.976	29
0.687   0.667   471.994 15.926	30
0.733   0.660   471.613 15.983	31
0.467   0.623   471.907 15.962	32
0.697   0.673   471.487 15.945	33
0.800   0.640   472.490 15.942	34
0.667   0.663   472.416 15.923	35
0.667   0.640   472.106 15.958	36
0.733   0.703   471.012 15.993	37
0.733   0.643   473.324 15.883	38
0.733   0.653   473.348 15.912	39
0.703   0.723   472.592 15.907	40
0.867   0.703   473.636 15.904	41
0.733   0.713   469.272 16.054	42
0.720   0.713   473.412 15.884	43
0.733   0.637   473.444 15.910	44
0.710   0.657   473.632 15.872	45
0.600   0.667   473.298 15.914	46
0.800   0.670   470.774 16.001	47
0.723   0.707   473.967 15.866	48
0.800   0.713   471.774 15.968	49
0.753   0.740   473.952 15.861	50
0.933   0.727   474.080 15.890	51
0.800   0.713   473.160 15.924	52
0.740   0.690   473.158 15.890	53
0.800   0.737   474.791 15.866	54
0.767   0.663   473.148 15.889	55
0.600   0.660   472.986 15.935	56
0.867   0.713   470.983 15.992	57
0.740   0.737   472.490 15.912	58
0.667   0.670   474.040 15.898	59
0.723   0.657   473.109 15.897	60
0.667   0.730   474.556 15.875	61
0.733   0.650   471.262 15.987	62
0.723   0.687   472.446 15.913	63
0.800   0.727   473.196 15.919	64
0.703   0.683   473.068 15.895	65
0.667   0.680   471.416 15.986	66
0.600   0.713   474.413 15.881	67
0.790   0.730   473.708 15.868	68
0.867   0.700   474.613 15.872	69
0.743   0.770   472.260 15.918	70
0.800   0.730   473.921 15.898	71
0.867   0.727   472.115 15.956	72
0.713   0.727   473.494 15.877	73
0.733   0.707   473.895 15.898	74
0.737   0.650   474.211 15.852	75
0.867   0.760   474.301 15.881	76
0.933   0.677   474.730 15.865	77
0.787   0.720   473.253 15.894	78
0.933   0.720   474.691 15.878	79
0.793   0.740   473.097 15.892	80
0.733   0.743   474.566 15.873	81
0.667   0.740   473.654 15.902	82
0.757   0.700   474.173 15.854	83
0.667   0.723   474.585 15.872	84
0.747   0.680   474.604 15.841	85
0.800   0.727   474.719 15.867	86
0.867   0.713   474.356 15.881	87
0.767   0.717   473.496 15.882	88
0.867   0.743   476.147 15.821	89
0.777   0.690   474.862 15.831	90
0.667   0.710   472.941 15.927	91
0.867   0.760   475.456 15.842	92
0.807   0.713   475.798 15.799	93
0.800   0.737   470.266 16.028	94
0.770   0.707   474.432 15.846	95
0.867   0.680   475.347 15.847	96
0.800   0.740   472.525 15.943	97
0.803   0.713   474.630 15.839	98
0.800   0.737   474.347 15.882	99
0.790   0.703   475.552 15.808	100
0.800   0.737   473.456 15.910	101
0.733   0.757   474.850 15.870	102
0.787   0.750   474.850 15.834	103
0.733   0.723   475.741 15.842	104
0.787   0.723   473.786 15.867	105
0.867   0.733   475.884 15.829	106
0.667   0.767   476.166 15.826	107
0.803   0.783   475.139 15.826	108
0.733   0.703   474.288 15.886	109
0.783   0.727   474.043 15.857	110

