0.453   0.353   613.380 7.365
0.478   0.520   624.460 6.261
0.552   0.493   622.995 6.273
0.572   0.593   620.745 6.301
0.578   0.587   618.800 6.312
0.573   0.520   617.780 6.322
0.577   0.600   617.335 6.329
0.635   0.660   615.915 6.346
0.624   0.613   617.005 6.336
0.644   0.627   616.865 6.342
0.618   0.533   615.615 6.341
0.644   0.673   615.490 6.354
0.655   0.680   615.205 6.351
0.622   0.607   615.745 6.358
0.653   0.667   613.675 6.371
0.664   0.667   614.090 6.364
0.633   0.693   612.615 6.367
0.678   0.740   611.580 6.382
0.697   0.700   613.995 6.362
0.688   0.707   613.295 6.362
0.695   0.660   613.390 6.377
0.709   0.707   613.570 6.368
0.719   0.693   613.920 6.363
0.709   0.720   613.835 6.370
0.709   0.713   613.620 6.370
0.696   0.673   612.280 6.392
0.707   0.720   612.725 6.370
0.728   0.667   612.550 6.373
0.722   0.660   612.010 6.377
0.715   0.627   613.900 6.365
0.743   0.773   613.295 6.375
0.719   0.767   612.935 6.373
0.758   0.733   612.995 6.369
0.749   0.773   612.990 6.384
0.744   0.747   613.370 6.364
0.742   0.673   613.560 6.367
0.761   0.653   613.660 6.368
0.752   0.800   613.340 6.367
0.765   0.673   613.700 6.366
0.771   0.800   613.865 6.364
0.747   0.733   613.955 6.370
0.747   0.740   611.740 6.382
0.754   0.773   612.225 6.381
0.794   0.733   613.430 6.362
0.738   0.700   612.275 6.371
0.788   0.760   613.780 6.368
0.762   0.707   613.260 6.360
0.787   0.773   613.710 6.368
0.778   0.807   613.875 6.361
0.756   0.740   613.555 6.361
0.779   0.800   613.110 6.365
0.754   0.647   612.565 6.367
0.804   0.787   613.080 6.370
0.779   0.800   613.800 6.363
0.783   0.673   612.740 6.378
0.789   0.767   612.290 6.377
0.802   0.807   612.920 6.373
0.802   0.720   613.280 6.373
0.772   0.773   613.340 6.372
0.799   0.767   612.740 6.371
0.794   0.640   613.470 6.372
0.824   0.693   612.970 6.364
0.801   0.707   613.250 6.360
0.805   0.653   613.785 6.363
0.819   0.740   613.935 6.362
0.827   0.727   613.535 6.366
0.802   0.693   613.360 6.371
0.830   0.727   613.300 6.369
0.834   0.753   613.420 6.370
0.839   0.800   614.245 6.362
0.817   0.640   611.800 6.376
0.838   0.660   612.065 6.385
0.838   0.753   613.655 6.369
0.822   0.773   610.000 6.404
0.844   0.733   610.565 6.398
0.834   0.760   612.185 6.376
0.817   0.820   613.115 6.367
0.819   0.747   612.125 6.388
0.841   0.767   612.150 6.389
0.851   0.773   613.125 6.371
0.830   0.807   612.570 6.374
0.857   0.753   612.775 6.371
0.848   0.740   612.995 6.366
0.853   0.720   613.305 6.362
0.858   0.733   613.655 6.369
0.858   0.773   613.245 6.361
0.847   0.773   613.005 6.371
0.857   0.740   613.370 6.367
0.850   0.780   613.230 6.363
0.868   0.787   613.190 6.373
0.850   0.753   612.785 6.367
0.853   0.787   612.790 6.367
0.859   0.767   613.320 6.370
0.868   0.740   613.390 6.373
0.887   0.800   613.705 6.359
0.869   0.780   613.490 6.370
0.890   0.760   613.265 6.364
0.881   0.767   613.070 6.364
0.876   0.807   613.600 6.359
0.879   0.773   612.950 6.370
0.876   0.773   613.795 6.361
0.865   0.800   613.875 6.361
0.875   0.813   614.030 6.361
0.890   0.780   613.715 6.368
0.873   0.800   613.895 6.361
0.899   0.787   613.505 6.371
0.908   0.767   612.875 6.372
0.897   0.753   613.390 6.362
0.887   0.707   613.640 6.373
0.907   0.733   613.005 6.370
