0.261   0.237   605.410 13.542	1
0.352   0.290   607.597 12.339	2
0.421   0.420   606.810 12.353	3
0.477   0.470   606.666 12.481	4
0.545   0.493   605.650 12.374	5
0.519   0.460   605.840 12.367	6
0.547   0.470   605.474 12.507	7
0.567   0.410   605.870 12.375	8
0.604   0.530   605.423 12.377	9
0.601   0.560   605.788 12.502	10
0.616   0.493   605.425 12.380	11
0.624   0.543   605.435 12.373	12
0.655   0.547   605.342 12.510	13
0.639   0.633   605.117 12.390	14
0.646   0.560   605.473 12.387	15
0.677   0.643   604.398 12.529	16
0.702   0.623   605.148 12.394	17
0.681   0.643   605.188 12.388	18
0.675   0.610   605.162 12.515	19
0.712   0.663   605.227 12.390	20
0.707   0.680   605.003 12.393	21
0.725   0.643   605.464 12.512	22
0.740   0.623   605.273 12.381	23
0.738   0.710   605.007 12.386	24
0.713   0.677   605.273 12.388	25
0.736   0.623   604.912 12.518	26
0.747   0.720   605.462 12.387	27
0.764   0.683   605.165 12.383	28
0.744   0.647   605.336 12.510	29
0.771   0.663   605.303 12.388	30
0.778   0.703   604.808 12.395	31
0.771   0.687   604.592 12.528	32
0.772   0.687   605.158 12.386	33
0.786   0.667   604.940 12.399	34
0.799   0.717   605.110 12.516	35
0.783   0.690   605.035 12.390	36
0.781   0.713   605.645 12.379	37
0.799   0.753   604.968 12.518	38
0.815   0.647   605.445 12.381	39
0.818   0.750   605.030 12.390	40
0.834   0.723   605.122 12.514	41
0.836   0.743   605.438 12.378	42
0.838   0.693   604.943 12.389	43
0.837   0.700   605.790 12.500	44
0.844   0.727   604.997 12.395	45
0.836   0.670   605.280 12.383	46
0.863   0.733   605.604 12.505	47
0.861   0.630   605.605 12.381	48
0.863   0.750   605.275 12.384	49
0.835   0.727   605.555 12.382	50
0.841   0.743   604.716 12.526	51
0.870   0.747   604.985 12.389	52
0.854   0.700   605.425 12.395	53
0.857   0.687   605.274 12.517	54
0.884   0.727   605.150 12.388	55
0.891   0.717   605.225 12.391	56
0.866   0.773   605.620 12.506	57
0.851   0.677   605.470 12.381	58
0.876   0.717   605.440 12.379	59
0.872   0.710   605.586 12.506	60
0.877   0.710   605.220 12.384	61
0.905   0.660   604.973 12.393	62
0.882   0.677   605.930 12.500	63
0.902   0.703   605.385 12.377	64
0.903   0.703   605.475 12.374	65
0.899   0.700   605.256 12.512	66
0.890   0.687   605.467 12.381	67
0.919   0.713   605.662 12.386	68
0.916   0.680   605.696 12.502	69
0.914   0.737   605.562 12.381	70
0.924   0.713   604.952 12.389	71
0.923   0.677   605.716 12.509	72
0.898   0.730   605.615 12.380	73
0.915   0.650   605.747 12.375	74
0.921   0.693   605.783 12.379	75
0.913   0.710   605.916 12.505	76
0.919   0.663   605.640 12.380	77
0.918   0.707   605.395 12.385	78
0.913   0.670   605.462 12.506	79
0.928   0.727   605.442 12.380	80
0.936   0.693   605.430 12.375	81
0.919   0.680   605.504 12.503	82
0.918   0.657   605.838 12.375	83
0.926   0.730   605.602 12.376	84
0.924   0.660   605.834 12.499	85
0.928   0.663   605.888 12.367	86
0.942   0.733   605.855 12.363	87
0.940   0.687   606.280 12.490	88
0.935   0.707   605.683 12.375	89
0.940   0.713   605.987 12.367	90
0.941   0.687   606.320 12.488	91
0.942   0.717   605.783 12.372	92
0.928   0.650   605.495 12.372	93
0.948   0.683   606.144 12.489	94
0.945   0.677   605.555 12.368	95
0.935   0.703   605.635 12.372	96
0.949   0.680   606.140 12.491	97
0.953   0.673   605.597 12.376	98
0.950   0.740   605.827 12.370	99
0.953   0.693   605.858 12.373	100
0.944   0.680   605.548 12.505	101
0.944   0.677   605.703 12.374	102
0.940   0.700   605.713 12.370	103
0.951   0.700   606.206 12.488	104
0.947   0.747   605.425 12.378	105
0.945   0.740   605.465 12.373	106
0.962   0.713   606.074 12.495	107
0.967   0.733   606.047 12.370	108
0.946   0.683   606.190 12.370	109
0.953   0.713   605.768 12.500	110

