0.264   0.290   617.484 13.389	1
0.373   0.360   621.482 12.056	2
0.493   0.417   621.510 12.055	3
0.534   0.467   621.502 12.190	4
0.556   0.463   620.977 12.072	5
0.549   0.490   620.418 12.081	6
0.593   0.507   621.194 12.191	7
0.590   0.523   620.365 12.086	8
0.629   0.497   620.457 12.074	9
0.645   0.573   620.840 12.202	10
0.627   0.607   620.500 12.085	11
0.660   0.633   620.623 12.079	12
0.688   0.550   620.372 12.210	13
0.671   0.583   620.025 12.093	14
0.668   0.590   619.955 12.090	15
0.713   0.660   620.870 12.199	16
0.704   0.683   620.450 12.093	17
0.724   0.640   620.138 12.091	18
0.723   0.600   620.566 12.209	19
0.726   0.633   620.428 12.083	20
0.742   0.633   620.725 12.089	21
0.735   0.617   620.382 12.208	22
0.782   0.657   620.928 12.071	23
0.749   0.683   619.697 12.094	24
0.767   0.693   620.120 12.093	25
0.775   0.680   620.542 12.212	26
0.763   0.710   620.460 12.089	27
0.795   0.697   620.258 12.093	28
0.776   0.653   620.326 12.215	29
0.809   0.640   620.415 12.086	30
0.812   0.710   619.983 12.099	31
0.815   0.700   620.636 12.207	32
0.829   0.673   620.335 12.093	33
0.838   0.677   620.393 12.084	34
0.819   0.687   620.604 12.211	35
0.837   0.717   620.250 12.086	36
0.835   0.710   620.545 12.077	37
0.841   0.723   621.010 12.195	38
0.829   0.633   619.935 12.093	39
0.844   0.723   620.475 12.082	40
0.847   0.747   620.640 12.200	41
0.866   0.747   620.725 12.072	42
0.864   0.700   620.788 12.074	43
0.853   0.700   620.658 12.205	44
0.873   0.703   620.572 12.084	45
0.870   0.750   620.707 12.078	46
0.873   0.730   621.058 12.198	47
0.884   0.703   620.438 12.081	48
0.886   0.720   620.092 12.087	49
0.891   0.710   621.033 12.067	50
0.903   0.720   621.194 12.197	51
0.926   0.707   621.110 12.076	52
0.905   0.730   620.790 12.076	53
0.882   0.723   620.700 12.208	54
0.916   0.683   621.065 12.070	55
0.906   0.670   621.082 12.074	56
0.915   0.720   621.732 12.188	57
0.921   0.750   620.520 12.084	58
0.924   0.677   620.803 12.076	59
0.911   0.710   621.018 12.199	60
0.927   0.743   620.605 12.080	61
0.936   0.727   620.763 12.076	62
0.925   0.703   620.688 12.202	63
0.931   0.720   620.880 12.076	64
0.928   0.690   620.790 12.079	65
0.937   0.647   620.850 12.200	66
0.940   0.737   620.602 12.077	67
0.924   0.670   620.610 12.080	68
0.935   0.730   620.486 12.205	69
0.945   0.703   620.055 12.087	70
0.947   0.740   620.183 12.088	71
0.942   0.703   620.738 12.200	72
0.957   0.703   620.733 12.077	73
0.937   0.723   620.490 12.085	74
0.949   0.750   619.898 12.092	75
0.963   0.740   620.978 12.198	76
0.945   0.703   620.337 12.081	77
0.957   0.723   619.982 12.095	78
0.959   0.670   620.448 12.208	79
0.957   0.687   620.735 12.080	80
0.933   0.713   620.188 12.090	81
0.957   0.723   621.046 12.201	82
0.967   0.743   620.463 12.079	83
0.973   0.707   621.035 12.076	84
0.955   0.667   620.890 12.205	85
0.954   0.693   620.472 12.083	86
0.948   0.713   620.633 12.080	87
0.947   0.703   620.694 12.208	88
0.973   0.717   621.125 12.073	89
0.963   0.710   620.733 12.077	90
0.947   0.727   620.774 12.201	91
0.961   0.737   620.878 12.075	92
0.954   0.683   620.938 12.073	93
0.971   0.737   620.840 12.196	94
0.968   0.707   620.238 12.086	95
0.964   0.753   621.257 12.065	96
0.964   0.713   621.026 12.199	97
0.965   0.710   619.615 12.097	98
0.964   0.703   619.995 12.092	99
0.968   0.730   620.775 12.076	100
0.964   0.767   620.852 12.203	101
0.973   0.720   620.925 12.082	102
0.967   0.723   620.980 12.077	103
0.963   0.753   620.938 12.201	104
0.967   0.733   620.890 12.074	105
0.964   0.640   620.758 12.078	106
0.968   0.730   620.910 12.201	107
0.970   0.723   620.947 12.070	108
0.971   0.723   621.107 12.069	109
0.966   0.730   620.846 12.203	110

