0.181   0.170   241.360 38.886	1
0.229   0.280   239.870 31.076	2
0.255   0.267   240.040 31.137	3
0.287   0.340   236.846 31.846	4
0.361   0.307   237.045 31.544	5
0.398   0.407   235.523 31.609	6
0.435   0.380   237.654 31.725	7
0.446   0.363   237.350 31.515	8
0.468   0.490   236.938 31.437	9
0.497   0.480   237.276 31.791	10
0.490   0.487   236.135 31.608	11
0.522   0.517   236.725 31.480	12
0.526   0.480   237.676 31.746	13
0.556   0.543   236.255 31.680	14
0.547   0.567   235.058 31.743	15
0.588   0.543   236.864 31.829	16
0.581   0.553   235.158 31.653	17
0.571   0.563   235.490 31.717	18
0.586   0.527   237.462 31.775	19
0.594   0.613   236.423 31.571	20
0.614   0.580   234.913 31.794	21
0.621   0.693   236.860 31.844	22
0.644   0.617   235.553 31.607	23
0.622   0.637   235.127 31.654	24
0.644   0.613   235.777 31.593	25
0.632   0.583   234.716 32.125	26
0.635   0.627   235.507 31.786	27
0.629   0.643   235.435 31.658	28
0.617   0.620   234.820 32.114	29
0.676   0.627   235.792 31.691	30
0.674   0.630   234.710 31.712	31
0.666   0.627   235.696 31.995	32
0.662   0.617   235.360 31.746	33
0.660   0.620   236.050 31.586	34
0.675   0.660   233.986 32.237	35
0.662   0.610   236.950 31.556	36
0.656   0.647   237.060 31.492	37
0.681   0.623   236.100 31.953	38
0.667   0.637   236.475 31.507	39
0.661   0.597   234.413 31.693	40
0.687   0.630   236.668 31.861	41
0.693   0.580   234.748 31.720	42
0.690   0.613   236.333 31.552	43
0.695   0.677   235.756 31.984	44
0.676   0.627   236.608 31.508	45
0.691   0.673   234.317 31.889	46
0.685   0.607   237.926 31.708	47
0.693   0.660   236.835 31.493	48
0.705   0.647   234.630 31.736	49
0.690   0.653   235.050 31.695	50
0.689   0.680   235.518 32.016	51
0.722   0.687   235.385 31.692	52
0.684   0.653   235.830 31.709	53
0.690   0.597   236.632 31.866	54
0.700   0.657   236.240 31.537	55
0.701   0.703   236.618 31.539	56
0.705   0.680   235.774 32.007	57
0.686   0.690   236.533 31.503	58
0.696   0.680   236.558 31.464	59
0.695   0.633   236.648 31.878	60
0.705   0.700   237.282 31.454	61
0.718   0.650   237.760 31.340	62
0.709   0.663   236.522 31.877	63
0.706   0.693   235.528 31.625	64
0.716   0.563   235.335 31.632	65
0.705   0.650   235.912 31.964	66
0.701   0.737   235.132 31.740	67
0.769   0.790   243.254 38.567	68
0.780   0.787   242.432 30.797	69
0.806   0.787   241.902 30.833	70
0.798   0.777   240.508 31.361	71
0.822   0.760   241.148 30.942	72
0.816   0.760   240.010 31.109	73
0.831   0.770   240.386 31.374	74
0.820   0.773   237.750 31.395	75
0.818   0.777   237.595 31.369	76
0.822   0.760   239.164 31.547	77
0.822   0.773   238.480 31.255	78
0.834   0.783   239.035 31.272	79
0.827   0.763   237.280 31.794	80
0.841   0.790   237.868 31.436	81
0.826   0.767   237.540 31.457	82
0.848   0.793   237.202 31.816	83
0.856   0.797   237.078 31.439	84
0.836   0.760   235.695 31.613	85
0.845   0.797   237.710 31.763	86
0.841   0.777   237.935 31.378	87
0.851   0.760   237.440 31.479	88
0.849   0.770   237.204 31.799	89
0.856   0.777   236.767 31.541	90
0.849   0.757   237.775 31.465	91
0.864   0.783   236.822 31.527	92
0.854   0.760   236.002 31.974	93
0.850   0.780   237.600 31.468	94
0.862   0.783   237.060 31.524	95
0.862   0.773   236.496 31.895	96
0.882   0.777   238.168 31.417	97
0.860   0.787   237.793 31.481	98
0.871   0.767   237.380 31.778	99
0.843   0.757   237.720 31.576	100
0.867   0.797   238.023 31.351	101
0.891   0.807   250.106 37.371	102
0.914   0.807   248.300 30.081	103
0.917   0.793   248.050 30.091	104
0.913   0.793   246.664 30.576	105
0.922   0.803   245.062 30.442	106
0.910   0.793   244.365 30.482	107
0.913   0.800   244.780 30.833	108
0.919   0.790   245.218 30.464	109
0.917   0.790   244.095 30.605	110
0.927   0.803   243.390 30.983	111
0.915   0.790   245.097 30.429	112
0.926   0.797   244.675 30.567	113
0.921   0.777   243.376 30.987	114
0.932   0.787   244.403 30.570	115
0.932   0.790   244.082 30.602	116
0.919   0.777   244.122 30.887	117
0.931   0.760   244.727 30.545	118
0.934   0.767   243.240 30.658	119
0.929   0.767   244.478 30.855	120
0.934   0.763   243.905 30.566	121
0.916   0.757   243.967 30.724	122
0.936   0.770   244.942 30.780	123
0.937   0.783   244.000 30.538	124
0.928   0.763   243.673 30.599	125
0.939   0.777   244.558 30.457	126
0.937   0.760   244.168 30.879	127
0.930   0.767   244.060 30.561	128
0.937   0.760   244.095 30.581	129
0.947   0.763   243.566 30.976	130
0.938   0.760   243.855 30.603	131
0.941   0.760   243.695 30.588	132
0.945   0.757   243.620 30.963	133
0.933   0.773   243.610 30.594	134
0.945   0.763   242.340 30.816	135
0.937   0.773   244.120 30.910	136
0.934   0.760   244.097 30.590	137
0.935   0.763   243.888 30.630	138
0.940   0.753   245.094 30.768	139
0.933   0.760   242.808 30.794	140
0.937   0.757   244.110 30.510	141
0.943   0.760   244.002 30.923	142
0.947   0.767   245.530 30.508	143
0.955   0.757   244.130 30.583	144
0.942   0.760   244.848 30.827	145
0.945   0.763   243.218 30.646	146
0.945   0.773   242.977 30.683	147
0.953   0.770   244.456 30.855	148
0.946   0.763   243.352 30.643	149
0.951   0.757   244.015 30.507	150
0.965   0.760   244.090 30.600	151
0.949   0.770   243.810 30.929	152
0.959   0.770   244.410 30.561	153
0.954   0.773   243.160 30.723	154
0.945   0.770   244.894 30.796	155
0.961   0.767   243.502 30.691	156
0.949   0.763   243.462 30.717	157
0.959   0.780   243.930 30.945	158
0.947   0.760   241.998 30.815	159
0.959   0.760   240.442 30.946	160
0.958   0.760   242.990 31.050	161
0.957   0.767   240.925 30.902	162
0.947   0.760   244.275 30.573	163
0.957   0.773   244.000 30.919	164
0.964   0.773   241.140 30.908	165
0.950   0.767   242.965 30.692	166
0.971   0.760   241.828 31.181	167
0.958   0.750   243.445 30.674	168
0.960   0.773   242.240 30.834	169
0.959   0.753   243.212 31.021	170
0.960   0.750   240.690 30.959	171
