0.840   1.000   0.000   0.840   0.000   56.178
0.800   0.327   0.563   0.840   0.010   123.224
0.790   0.263   0.600   0.840   0.020   138.806
0.780   0.217   0.630   0.840   0.030   153.067
0.777   0.183   0.653   0.840   0.040   165.191
0.783   0.163   0.670   0.840   0.050   173.433
0.777   0.143   0.683   0.840   0.060   182.540
0.777   0.133   0.690   0.840   0.070   187.462
0.783   0.117   0.707   0.840   0.080   196.283
0.790   0.103   0.717   0.840   0.090   203.961
0.790   0.100   0.720   0.840   0.100   205.976
0.790   0.093   0.727   0.840   0.110   210.126
0.790   0.087   0.730   0.840   0.120   214.447
0.790   0.087   0.730   0.840   0.130   214.447
0.790   0.083   0.733   0.840   0.140   216.675
0.790   0.077   0.733   0.840   0.150   221.272
0.790   0.073   0.737   0.840   0.160   223.645
0.790   0.073   0.737   0.840   0.170   223.645
0.790   0.073   0.737   0.840   0.180   223.645
0.790   0.070   0.740   0.840   0.190   226.069
0.790   0.070   0.740   0.840   0.200   226.069
0.790   0.070   0.740   0.840   0.210   226.069
0.787   0.067   0.740   0.840   0.220   228.546
0.787   0.067   0.740   0.840   0.230   228.546
0.787   0.063   0.740   0.840   0.240   231.079
0.787   0.063   0.740   0.840   0.250   231.079
0.783   0.057   0.743   0.840   0.260   236.315
0.783   0.053   0.747   0.840   0.270   239.023
0.783   0.047   0.753   0.840   0.280   244.630
0.783   0.047   0.753   0.840   0.290   244.630
0.783   0.043   0.757   0.840   0.300   247.534
0.783   0.043   0.757   0.840   0.310   247.534
0.783   0.043   0.757   0.840   0.320   247.534
0.783   0.043   0.757   0.840   0.330   247.534
0.783   0.043   0.757   0.840   0.340   247.534
0.783   0.043   0.757   0.840   0.350   247.534
0.783   0.040   0.760   0.840   0.360   250.507
0.783   0.040   0.760   0.840   0.370   250.507
0.783   0.040   0.760   0.840   0.380   250.507
0.783   0.040   0.760   0.840   0.390   250.507
0.783   0.040   0.760   0.840   0.400   250.507
0.783   0.040   0.760   0.840   0.410   250.507
0.783   0.040   0.760   0.840   0.420   250.507
0.783   0.040   0.760   0.840   0.430   250.507
0.783   0.037   0.763   0.840   0.440   253.552
0.783   0.037   0.763   0.840   0.450   253.552
0.783   0.033   0.763   0.840   0.460   256.673
0.783   0.030   0.767   0.840   0.470   259.871
0.783   0.030   0.767   0.840   0.480   259.871
0.783   0.030   0.767   0.840   0.490   259.871
0.783   0.030   0.767   0.840   0.500   259.871
0.783   0.030   0.767   0.840   0.510   259.871
0.783   0.030   0.767   0.840   0.520   259.871
0.783   0.030   0.767   0.840   0.530   259.871
0.783   0.030   0.767   0.840   0.540   259.871
0.783   0.030   0.767   0.840   0.550   259.871
0.783   0.030   0.767   0.840   0.560   259.871
0.783   0.030   0.767   0.840   0.570   259.871
0.783   0.030   0.767   0.840   0.580   259.871
0.783   0.030   0.767   0.840   0.590   259.871
0.783   0.027   0.770   0.840   0.600   263.150
0.783   0.027   0.770   0.840   0.610   263.150
0.783   0.027   0.770   0.840   0.620   263.150
0.783   0.027   0.770   0.840   0.630   263.150
0.783   0.027   0.770   0.840   0.640   263.150
0.783   0.027   0.770   0.840   0.650   263.150
0.783   0.027   0.770   0.840   0.660   263.150
0.783   0.023   0.773   0.840   0.670   266.512
0.783   0.023   0.773   0.840   0.680   266.512
0.783   0.023   0.773   0.840   0.690   266.512
0.783   0.023   0.773   0.840   0.700   266.512
0.783   0.020   0.773   0.840   0.710   269.962
0.783   0.017   0.777   0.840   0.720   273.502
0.783   0.017   0.777   0.840   0.730   273.502
0.783   0.017   0.777   0.840   0.740   273.502
0.783   0.017   0.777   0.840   0.750   273.502
0.787   0.010   0.783   0.840   0.760   280.868
0.787   0.010   0.783   0.840   0.770   280.868
0.787   0.010   0.783   0.840   0.780   280.868
0.787   0.010   0.783   0.840   0.790   280.868
0.787   0.010   0.783   0.840   0.800   280.868
0.787   0.010   0.783   0.840   0.810   280.868
0.787   0.010   0.783   0.840   0.820   280.868
0.787   0.007   0.787   0.840   0.830   284.702
0.787   0.007   0.787   0.840   0.840   284.702
0.787   0.007   0.787   0.840   0.850   284.702
0.787   0.007   0.787   0.840   0.860   284.702
0.787   0.007   0.787   0.840   0.870   284.702
0.787   0.007   0.787   0.840   0.880   284.702
0.787   0.007   0.787   0.840   0.890   284.702
0.787   0.007   0.787   0.840   0.900   284.702
0.787   0.007   0.787   0.840   0.910   284.702
0.787   0.007   0.787   0.840   0.920   284.702
0.787   0.007   0.787   0.840   0.930   284.702
0.787   0.007   0.787   0.840   0.940   284.702
0.787   0.003   0.787   0.840   0.950   288.642
0.787   0.003   0.787   0.840   0.960   288.642
0.787   0.003   0.787   0.840   0.970   288.642
0.787   0.003   0.787   0.840   0.980   288.642
0.787   0.003   0.787   0.840   0.990   288.642
