0,0.6947221159934998,0.4999012351036072,0.30527788400650024,0.3848901391029358,3,0.9972557425498962,1
1,0.6994322538375854,0.5054501891136169,0.30056774616241455,0.38369619846343994,3,0.992523729801178,1
2,0.7125621438026428,0.4976079761981964,0.2847404479980469,0.41488584876060486,3,0.990628182888031,1
3,0.712445855140686,0.5013541579246521,0.2816532850265503,0.4225415587425232,3,0.9959818124771118,1
4,0.7230123281478882,0.502690851688385,0.2695751190185547,0.4321187138557434,3,0.9986562728881836,1
5,0.7163331508636475,0.49532997608184814,0.27798736095428467,0.4367606043815613,3,0.9963548183441162,1
6,0.7200425863265991,0.49409356713294983,0.27250897884368896,0.4465421140193939,3,0.9968037605285645,1
7,0.7217262387275696,0.5017516016960144,0.2720305919647217,0.44488632678985596,3,0.99802565574646,1
8,0.7236890196800232,0.5037209391593933,0.2739602327346802,0.4385072588920593,3,0.9966687560081482,1
9,0.7378820180892944,0.49028587341308594,0.26161861419677734,0.4549117684364319,3,0.9955703616142273,1
10,0.7344453930854797,0.4982040226459503,0.26555460691452026,0.45544031262397766,3,0.9810263514518738,1
11,0.7261520624160767,0.508122444152832,0.27384793758392334,0.44620782136917114,3,0.9948384165763855,1
12,0.7407979965209961,0.49318769574165344,0.2533082962036133,0.46248701214790344,3,0.994681179523468,1
13,0.7410079836845398,0.48933082818984985,0.2522188425064087,0.45736145973205566,3,0.9972637891769409,1
14,0.7508089542388916,0.48998960852622986,0.24844682216644287,0.4636039435863495,3,0.9967507123947144,1
15,0.7484792470932007,0.4903683066368103,0.246160626411438,0.4499785304069519,3,0.9979694485664368,1
16,0.751125693321228,0.48618602752685547,0.23756778240203857,0.4501872658729553,3,0.9978421926498413,1
17,0.7435782551765442,0.4819799065589905,0.2564217448234558,0.42471206188201904,3,0.9613945484161377,1
17,0.4596917927265167,0.48671954870224,0.5385003983974457,0.4149203896522522,3,0.49147436022758484,1
18,0.7588240504264832,0.4921356737613678,0.23640871047973633,0.41548022627830505,3,0.9950053095817566,1
19,0.7650333642959595,0.48755133152008057,0.23039567470550537,0.4239199161529541,3,0.9987738728523254,1
20,0.7743663191795349,0.4815301299095154,0.22101640701293945,0.43406713008880615,3,0.9873132109642029,1
20,0.5191661715507507,0.4793825149536133,0.4722963571548462,0.42156916856765747,3,0.49831151962280273,1
21,0.7591915130615234,0.4864670932292938,0.24080848693847656,0.4277726709842682,3,0.9679572582244873,1
22,0.7779831886291504,0.4921582043170929,0.2220168113708496,0.3974669277667999,3,0.997211754322052,1
23,0.7796698212623596,0.4903203248977661,0.21110296249389648,0.4213811755180359,3,0.9904881715774536,1
24,0.790634274482727,0.4970742464065552,0.20325088500976562,0.4040856957435608,3,0.9985438585281372,1
25,0.7930741906166077,0.486750066280365,0.20061564445495605,0.4430922269821167,3,0.9946116209030151,1
26,0.802151083946228,0.5040889382362366,0.19022703170776367,0.42647141218185425,3,0.9961559176445007,1
27,0.7947729825973511,0.4971664249897003,0.19804859161376953,0.4146048128604889,3,0.9904274940490723,1
28,0.8083796501159668,0.5065389275550842,0.18603599071502686,0.4062170386314392,3,0.9814162254333496,1
29,0.8077068328857422,0.5126783847808838,0.18772780895233154,0.4222143888473511,3,0.9729021191596985,1
30,0.8189855813980103,0.5165260434150696,0.17749369144439697,0.41638296842575073,3,0.9873887300491333,1
31,0.8303895592689514,0.5358907580375671,0.16732895374298096,0.39072084426879883,3,0.9807646870613098,1
32,0.8244577646255493,0.542235791683197,0.17121493816375732,0.3980335593223572,3,0.9100208878517151,1
32,0.5824931859970093,0.5346550345420837,0.40790653228759766,0.42205810546875,3,0.4540921151638031,1
33,0.8298082947731018,0.5481913685798645,0.16565728187561035,0.39450913667678833,3,0.9069387912750244,1
34,0.8416913151741028,0.5798144936561584,0.15438926219940186,0.3686632513999939,3,0.9873868823051453,1
35,0.8488644361495972,0.594351589679718,0.1467055082321167,0.3608435392379761,3,0.9856438636779785,1
36,0.8500210046768188,0.6057006120681763,0.1494225263595581,0.3544866442680359,3,0.8908544778823853,1
37,0.8600978851318359,0.6126799583435059,0.13790154457092285,0.34852248430252075,3,0.9900310039520264,1
38,0.8709733486175537,0.6196824312210083,0.12536263465881348,0.3460776209831238,3,0.9961835741996765,1
39,0.8848499655723572,0.6320918202400208,0.10813009738922119,0.33517223596572876,3,0.9927380681037903,1
40,0.8856010437011719,0.6439929604530334,0.11138474941253662,0.3284868597984314,3,0.9939969778060913,1
41,0,0,0,0,no obj,0.1,1
42,0.9079857468605042,0.6550319790840149,0.09035313129425049,0.3398587703704834,3,0.9095697402954102,1
43,0.9176743030548096,0.658743143081665,0.08152782917022705,0.3264555335044861,3,0.9714471101760864,1
43,0.6474452018737793,0.5313250422477722,0.07417917251586914,0.08896434307098389,3,0.9199836850166321,1
43,0.4878155589103699,0.7989373803138733,0.5121844410896301,0.17629379034042358,3,0.4911158084869385,1
44,0.9352943301200867,0.6626666784286499,0.06292307376861572,0.3300379514694214,3,0.9280923008918762,1
45,0.9326115250587463,0.676873505115509,0.06738847494125366,0.2971654534339905,3,0.9934808015823364,1
46,0.9394749999046326,0.6785882115364075,0.059819698333740234,0.2890510559082031,3,0.7948243618011475,1
47,0.9523235559463501,0.6781608462333679,0.04733431339263916,0.28796106576919556,3,0.4911715090274811,1
48,0.6456921696662903,0.5343163013458252,0.08022201061248779,0.08694899082183838,3,0.8808940649032593,1
49,0.6453127861022949,0.5416733622550964,0.08071386814117432,0.08112174272537231,3,0.8096075654029846,1
50,0.6506854891777039,0.5306885838508606,0.07455337047576904,0.09176516532897949,3,0.8669717311859131,1
51,0,0,0,0,no obj,0.1,1
52,0.643570601940155,0.5358248949050903,0.08507585525512695,0.0879865288734436,3,0.9513218998908997,1
53,0,0,0,0,no obj,0.1,1
54,0.659713864326477,0.5331960916519165,0.07195186614990234,0.0913345217704773,3,0.8767837285995483,1
55,0.6553032398223877,0.53667813539505,0.07624208927154541,0.08690541982650757,3,0.9768491387367249,1
56,0.6519131660461426,0.5419273972511292,0.08000469207763672,0.08352923393249512,3,0.984714686870575,1
57,0.6547340750694275,0.540408730506897,0.07656443119049072,0.08722507953643799,3,0.9835790991783142,1
58,0.6568584442138672,0.5389010906219482,0.07736384868621826,0.08910083770751953,3,0.9860951900482178,1
59,0.6511915922164917,0.5394832491874695,0.08087539672851562,0.08854961395263672,3,0.9899818301200867,1
60,0.6529365181922913,0.544421374797821,0.08411276340484619,0.07914775609970093,3,0.9662094116210938,1
61,0,0,0,0,no obj,0.1,1
62,0,0,0,0,no obj,0.1,1
63,0,0,0,0,no obj,0.1,1
64,0,0,0,0,no obj,0.1,1
65,0.6593862175941467,0.5404099225997925,0.0804983377456665,0.08126389980316162,3,0.9840870499610901,1
66,0.6627501249313354,0.5321052670478821,0.0793914794921875,0.09152841567993164,3,0.9757878184318542,1
67,0.6625710725784302,0.5346220135688782,0.08030557632446289,0.0916547179222107,3,0.9638965725898743,1
68,0.6627627611160278,0.5414883494377136,0.07865774631500244,0.08770763874053955,3,0.9710984826087952,1
69,0.663305401802063,0.5333459973335266,0.08166086673736572,0.09433716535568237,3,0.9870530962944031,1
70,0.6656736135482788,0.533752977848053,0.07752454280853271,0.09559482336044312,3,0.9549654126167297,1
71,0.667056143283844,0.5395236611366272,0.0775444507598877,0.09292656183242798,3,0.966478705406189,1
72,0.6674707531929016,0.5332214832305908,0.07666003704071045,0.09750521183013916,3,0.982824981212616,1
73,0.6633410453796387,0.5458131432533264,0.08061623573303223,0.08444333076477051,3,0.43783503770828247,1
74,0,0,0,0,no obj,0.1,1
75,0,0,0,0,no obj,0.1,1
76,0,0,0,0,no obj,0.1,1
77,0,0,0,0,no obj,0.1,1
78,0,0,0,0,no obj,0.1,1
79,0,0,0,0,no obj,0.1,1
80,0,0,0,0,no obj,0.1,1
81,0.6717509627342224,0.5492376089096069,0.07815241813659668,0.08356499671936035,3,0.8726560473442078,1
82,0.6727157831192017,0.541554868221283,0.07875275611877441,0.09752750396728516,3,0.7430460453033447,1
83,0.6778061389923096,0.5442692637443542,0.07482552528381348,0.08780574798583984,3,0.9274275302886963,1
84,0,0,0,0,no obj,0.1,1
85,0.6728502511978149,0.5443064570426941,0.08073675632476807,0.08931857347488403,3,0.8405384421348572,1
86,0.6746112108230591,0.5453209280967712,0.08169925212860107,0.09004795551300049,3,0.9648720026016235,1
87,0.6785532236099243,0.5488730669021606,0.07753169536590576,0.0898817777633667,3,0.9075514674186707,1
88,0.6066547632217407,0.5563620328903198,0.07824087142944336,0.08396339416503906,3,0.9857467412948608,1
88,0.6828687787055969,0.5491529703140259,0.07690310478210449,0.0889849066734314,3,0.5998704433441162,1
89,0,0,0,0,no obj,0.1,1
90,0.6071302890777588,0.5524100065231323,0.07772445678710938,0.08391422033309937,3,0.9831990599632263,1
91,0.6070073246955872,0.550361692905426,0.07758617401123047,0.08791011571884155,3,0.9869488477706909,1
91,0.6871103644371033,0.5422073602676392,0.07628309726715088,0.0941007137298584,3,0.6967502236366272,1
92,0.6097033619880676,0.5549670457839966,0.07935905456542969,0.08779090642929077,3,0.9937393665313721,1
92,0.6600330471992493,0.5353514552116394,0.10664474964141846,0.10304373502731323,3,0.5430629849433899,1
93,0.6099315881729126,0.5532946586608887,0.07822251319885254,0.08540505170822144,3,0.9811861515045166,1
93,0.6866874694824219,0.5361188650131226,0.08124327659606934,0.10260051488876343,3,0.7026471495628357,1
94,0.6102418303489685,0.5532229542732239,0.08073592185974121,0.0890887975692749,3,0.9879357814788818,1
94,0.6566622257232666,0.5414337515830994,0.10863626003265381,0.09584367275238037,3,0.715968668460846,1
95,0.609891414642334,0.5527530312538147,0.0814058780670166,0.09054034948348999,3,0.9865614771842957,1
95,0.6639597415924072,0.5440005660057068,0.10501217842102051,0.09504151344299316,3,0.5959846377372742,1
96,0.612419605255127,0.5528604388237,0.08168435096740723,0.09132987260818481,3,0.9947630763053894,1
96,0.6579696536064148,0.5397967100143433,0.10893821716308594,0.10104203224182129,3,0.8584035634994507,1
97,0.611712634563446,0.5509844422340393,0.08182871341705322,0.09284663200378418,3,0.9951283931732178,1
97,0.6900614500045776,0.5483717918395996,0.07880401611328125,0.09162735939025879,3,0.834362804889679,1
98,0.612189531326294,0.5515995621681213,0.08537673950195312,0.09753066301345825,3,0.9915239810943604,1
98,0.670367956161499,0.5460140705108643,0.09766829013824463,0.0953359603881836,3,0.6325105428695679,1
99,0.6123760938644409,0.5529792904853821,0.08668649196624756,0.09580719470977783,3,0.9875258207321167,1
99,0.6531122922897339,0.543304979801178,0.11771845817565918,0.10015976428985596,3,0.890074610710144,1
