0,0.6229057908058167,0.5064139366149902,0.07318449020385742,0.09694218635559082,3,0.8271713256835938,1
1,0,0,0,0,no obj,0.1,1
2,0.5528512001037598,0.5134260654449463,0.09030044078826904,0.09526538848876953,3,0.7410964369773865,1
3,0.562170147895813,0.519635021686554,0.07549500465393066,0.09185028076171875,3,0.8626534938812256,1
3,0.6414269804954529,0.5046290755271912,0.08782052993774414,0.0856935977935791,3,0.5745654702186584,1
4,0.5520966649055481,0.5277765989303589,0.07621681690216064,0.08812522888183594,3,0.681009829044342,1
5,0.6193181276321411,0.5052364468574524,0.10239267349243164,0.10520213842391968,3,0.8084793090820312,1
6,0.6364481449127197,0.502421498298645,0.08126282691955566,0.09800106287002563,3,0.7259073257446289,1
7,0.6402302980422974,0.5022500157356262,0.08303976058959961,0.09553712606430054,3,0.8791942596435547,1
7,0.6238844394683838,0.5125762224197388,0.07292449474334717,0.09957617521286011,3,0.6205582618713379,1
7,0.5859328508377075,0.532139778137207,0.09171998500823975,0.08803623914718628,3,0.3941400349140167,1
7,0.5534622073173523,0.5369061231613159,0.0864492654800415,0.08201676607131958,3,0.30826765298843384,1
8,0.6034469604492188,0.5131511092185974,0.08145356178283691,0.09976387023925781,3,0.44297492504119873,1
8,0.6454334855079651,0.49984005093574524,0.08082973957061768,0.08870688080787659,3,0.3764280080795288,1
8,0.5976887345314026,0.504996657371521,0.12337589263916016,0.10461658239364624,3,0.3534860610961914,1
9,0.6356335878372192,0.5127946734428406,0.08061623573303223,0.09595710039138794,3,0.3248392939567566,1
10,0.6333878636360168,0.500187337398529,0.10377895832061768,0.11101329326629639,3,0.8223097324371338,1
11,0,0,0,0,no obj,0.1,1
12,0,0,0,0,no obj,0.1,1
13,0,0,0,0,no obj,0.1,1
14,0,0,0,0,no obj,0.1,1
15,0,0,0,0,no obj,0.1,1
16,0,0,0,0,no obj,0.1,1
17,0,0,0,0,no obj,0.1,1
18,0,0,0,0,no obj,0.1,1
19,0,0,0,0,no obj,0.1,1
20,0,0,0,0,no obj,0.1,1
21,0,0,0,0,no obj,0.1,1
22,0,0,0,0,no obj,0.1,1
23,0,0,0,0,no obj,0.1,1
24,0.663050651550293,0.4982205629348755,0.11139917373657227,0.0884135365486145,3,0.8014189600944519,1
25,0.6454823613166809,0.4963212013244629,0.12849605083465576,0.11607986688613892,3,0.8313999772071838,1
26,0.6552274823188782,0.4914139211177826,0.11791074275970459,0.11420407891273499,3,0.9233097434043884,1
27,0.6490147113800049,0.49886560440063477,0.13268554210662842,0.1085900068283081,3,0.8476764559745789,1
28,0,0,0,0,no obj,0.1,1
29,0.6713309288024902,0.4962579905986786,0.11149740219116211,0.1055433452129364,3,0.329241007566452,1
30,0.6638628840446472,0.49752119183540344,0.11501634120941162,0.106779545545578,3,0.6354076266288757,1
31,0,0,0,0,no obj,0.1,1
32,0,0,0,0,no obj,0.1,1
33,0,0,0,0,no obj,0.1,1
34,0,0,0,0,no obj,0.1,1
35,0,0,0,0,no obj,0.1,1
36,0,0,0,0,no obj,0.1,1
37,0,0,0,0,no obj,0.1,1
38,0,0,0,0,no obj,0.1,1
39,0,0,0,0,no obj,0.1,1
40,0,0,0,0,no obj,0.1,1
41,0,0,0,0,no obj,0.1,1
42,0,0,0,0,no obj,0.1,1
43,0,0,0,0,no obj,0.1,1
44,0,0,0,0,no obj,0.1,1
45,0,0,0,0,no obj,0.1,1
46,0,0,0,0,no obj,0.1,1
47,0,0,0,0,no obj,0.1,1
48,0,0,0,0,no obj,0.1,1
49,0,0,0,0,no obj,0.1,1
50,0,0,0,0,no obj,0.1,1
51,0,0,0,0,no obj,0.1,1
52,0,0,0,0,no obj,0.1,1
53,0,0,0,0,no obj,0.1,1
54,0,0,0,0,no obj,0.1,1
55,0.6534852385520935,0.5326257348060608,0.0754326581954956,0.090495765209198,3,0.9537116289138794,1
56,0,0,0,0,no obj,0.1,1
57,0,0,0,0,no obj,0.1,1
58,0,0,0,0,no obj,0.1,1
59,0,0,0,0,no obj,0.1,1
60,0,0,0,0,no obj,0.1,1
61,0,0,0,0,no obj,0.1,1
62,0,0,0,0,no obj,0.1,1
63,0,0,0,0,no obj,0.1,1
64,0,0,0,0,no obj,0.1,1
65,0,0,0,0,no obj,0.1,1
66,0,0,0,0,no obj,0.1,1
67,0.6616480946540833,0.5465362668037415,0.07786130905151367,0.08532553911209106,3,0.611737072467804,1
68,0.7340338826179504,0.4665030539035797,0.22983431816101074,0.16063764691352844,3,0.4935953617095947,1
69,0.6676561236381531,0.5424588322639465,0.07667577266693115,0.08903264999389648,3,0.7992828488349915,1
70,0,0,0,0,no obj,0.1,1
71,0.6688928604125977,0.5439732074737549,0.07513463497161865,0.09376078844070435,3,0.6557114720344543,1
72,0.6689938902854919,0.5458477735519409,0.07551336288452148,0.09382003545761108,3,0.5149967670440674,1
73,0,0,0,0,no obj,0.1,1
74,0,0,0,0,no obj,0.1,1
75,0,0,0,0,no obj,0.1,1
76,0,0,0,0,no obj,0.1,1
77,0,0,0,0,no obj,0.1,1
78,0.4339623749256134,0.550915539264679,0.0985390841960907,0.06720775365829468,3,0.3417084515094757,1
79,0,0,0,0,no obj,0.1,1
80,0,0,0,0,no obj,0.1,1
81,0,0,0,0,no obj,0.1,1
82,0,0,0,0,no obj,0.1,1
83,0.6815789341926575,0.5520866513252258,0.07616901397705078,0.08757877349853516,3,0.7055853605270386,1
84,0,0,0,0,no obj,0.1,1
85,0.6799846887588501,0.5586352348327637,0.07784903049468994,0.08453446626663208,3,0.9618648290634155,1
86,0,0,0,0,no obj,0.1,1
87,0,0,0,0,no obj,0.1,1
88,0,0,0,0,no obj,0.1,1
89,0.797692596912384,0.44794103503227234,0.18367576599121094,0.08033010363578796,3,0.45539188385009766,1
90,0,0,0,0,no obj,0.1,1
91,0.6826483011245728,0.5462800860404968,0.0816882848739624,0.09702032804489136,3,0.7828446626663208,1
92,0.610542356967926,0.5589584708213806,0.08212673664093018,0.07978284358978271,3,0.8853879570960999,1
93,0,0,0,0,no obj,0.1,1
94,0,0,0,0,no obj,0.1,1
95,0.6125158667564392,0.5543777346611023,0.08469665050506592,0.0888485312461853,3,0.9256026148796082,1
95,0.6904814839363098,0.5485337972640991,0.07633519172668457,0.09496426582336426,3,0.6880353689193726,1
96,0.6050426363945007,0.5533032417297363,0.09390449523925781,0.09192276000976562,3,0.9309923648834229,1
97,0.617401659488678,0.5513831377029419,0.08134675025939941,0.08917373418807983,3,0.7008247375488281,1
97,0.6961833238601685,0.548678994178772,0.07717597484588623,0.0925171971321106,3,0.5579966902732849,1
97,0.6651192307472229,0.5432584285736084,0.09713327884674072,0.10358256101608276,3,0.41128286719322205,1
98,0,0,0,0,no obj,0.1,1
99,0,0,0,0,no obj,0.1,1
