0,0,0,0,0,no obj,0.1,1
1,0,0,0,0,no obj,0.1,1
2,0.7157752513885498,0.5161274075508118,0.27792859077453613,0.3161080479621887,3,0.5539705157279968,1
3,0.7039898633956909,0.504862368106842,0.2960101366043091,0.35693496465682983,3,0.9082781076431274,1
3,0.6326583623886108,0.50334233045578,0.09455931186676025,0.09008079767227173,3,0.38791972398757935,1
4,0.7168529629707336,0.5192859768867493,0.28314703702926636,0.3496513366699219,3,0.8530800938606262,1
5,0.6300721764564514,0.5071535706520081,0.08375728130340576,0.08953791856765747,3,0.5162575840950012,1
5,0.723352313041687,0.5058004260063171,0.25372350215911865,0.36817455291748047,3,0.3498641848564148,1
6,0,0,0,0,no obj,0.1,1
7,0,0,0,0,no obj,0.1,1
8,0.6303984522819519,0.5129028558731079,0.07336390018463135,0.09014445543289185,3,0.3156617283821106,1
9,0.6084852814674377,0.4862079620361328,0.2610025405883789,0.13096970319747925,3,0.3943800926208496,1
10,0,0,0,0,no obj,0.1,1
11,0.6274639964103699,0.48212575912475586,0.11533761024475098,0.12338650226593018,3,0.6553712487220764,1
12,0.6461873650550842,0.49623018503189087,0.10016405582427979,0.095020592212677,3,0.5055860877037048,1
13,0.6291534900665283,0.4874795973300934,0.10851013660430908,0.12239792943000793,3,0.4798513352870941,1
14,0.6292160749435425,0.4821394383907318,0.24618768692016602,0.14246198534965515,3,0.38846802711486816,1
15,0.6336928606033325,0.503588080406189,0.09478473663330078,0.10292404890060425,3,0.3708866834640503,1
16,0.7495888471603394,0.4844392240047455,0.2430628538131714,0.3334817588329315,3,0.9423816204071045,1
16,0.6401426792144775,0.4883573353290558,0.2674459218978882,0.13327935338020325,3,0.5932942628860474,1
16,0.6296167373657227,0.4999946057796478,0.10057711601257324,0.10684332251548767,3,0.32989776134490967,1
17,0.7681531310081482,0.49700838327407837,0.22409236431121826,0.33520054817199707,3,0.5762696266174316,1
17,0.6417996883392334,0.49552249908447266,0.21493136882781982,0.11557185649871826,3,0.47925302386283875,1
18,0.6466792225837708,0.48290225863456726,0.24682831764221191,0.14174345135688782,3,0.3102380633354187,1
19,0.7768411636352539,0.49073946475982666,0.2203197479248047,0.3373330235481262,3,0.6589520573616028,1
19,0.6334871053695679,0.480244904756546,0.2862977981567383,0.14516344666481018,3,0.4075108766555786,1
20,0.6604719758033752,0.49021923542022705,0.23122572898864746,0.13728344440460205,3,0.4578436017036438,1
21,0.7712741494178772,0.47064468264579773,0.22222721576690674,0.37184134125709534,3,0.3742043972015381,1
21,0.6650350689888,0.4957883656024933,0.09695231914520264,0.080498605966568,3,0.3237776756286621,1
22,0,0,0,0,no obj,0.1,1
23,0.7871536612510681,0.5000547170639038,0.20576727390289307,0.35207146406173706,3,0.8555956482887268,1
24,0,0,0,0,no obj,0.1,1
25,0,0,0,0,no obj,0.1,1
26,0,0,0,0,no obj,0.1,1
27,0,0,0,0,no obj,0.1,1
28,0,0,0,0,no obj,0.1,1
29,0,0,0,0,no obj,0.1,1
30,0.644230306148529,0.49242889881134033,0.1380937099456787,0.11768221855163574,3,0.5668026208877563,1
31,0,0,0,0,no obj,0.1,1
32,0,0,0,0,no obj,0.1,1
33,0,0,0,0,no obj,0.1,1
34,0,0,0,0,no obj,0.1,1
35,0.849173903465271,0.6114215850830078,0.14527487754821777,0.31319278478622437,3,0.9525920152664185,1
36,0,0,0,0,no obj,0.1,1
37,0,0,0,0,no obj,0.1,1
38,0,0,0,0,no obj,0.1,1
39,0,0,0,0,no obj,0.1,1
40,0.6326590776443481,0.5210931301116943,0.08237850666046143,0.09849792718887329,3,0.8724193572998047,1
41,0.8970220685005188,0.6454137563705444,0.0999908447265625,0.27635031938552856,3,0.4997228682041168,1
42,0,0,0,0,no obj,0.1,1
43,0,0,0,0,no obj,0.1,1
44,0.6303934454917908,0.53922039270401,0.0860435962677002,0.08273953199386597,3,0.6173072457313538,1
45,0.6383653283119202,0.5393110513687134,0.0824660062789917,0.08224117755889893,3,0.5957208871841431,1
46,0,0,0,0,no obj,0.1,1
47,0,0,0,0,no obj,0.1,1
48,0,0,0,0,no obj,0.1,1
49,0.6426726579666138,0.5439361929893494,0.08501553535461426,0.07947766780853271,3,0.7597726583480835,1
50,0,0,0,0,no obj,0.1,1
51,0,0,0,0,no obj,0.1,1
52,0,0,0,0,no obj,0.1,1
53,0.6111094951629639,0.5425678491592407,0.10908293724060059,0.08221298456192017,3,0.5649774074554443,1
54,0,0,0,0,no obj,0.1,1
55,0.41461998224258423,0.5342088937759399,0.10574114322662354,0.0760757327079773,3,0.34026095271110535,1
56,0,0,0,0,no obj,0.1,1
57,0.6521548628807068,0.5410512089729309,0.08031737804412842,0.08458161354064941,3,0.867840051651001,1
58,0,0,0,0,no obj,0.1,1
59,0.6586024165153503,0.5387732982635498,0.07656490802764893,0.08978849649429321,3,0.81036376953125,1
60,0.6557981967926025,0.5253363251686096,0.07967734336853027,0.10488903522491455,3,0.8371431231498718,1
60,0.654569685459137,0.4861447513103485,0.11366713047027588,0.13305261731147766,3,0.5775930881500244,1
61,0,0,0,0,no obj,0.1,1
62,0,0,0,0,no obj,0.1,1
63,0,0,0,0,no obj,0.1,1
64,0,0,0,0,no obj,0.1,1
65,0,0,0,0,no obj,0.1,1
66,0.6628851890563965,0.5403487086296082,0.07482290267944336,0.08759212493896484,3,0.9824115633964539,1
67,0.6608253717422485,0.5368192791938782,0.07908248901367188,0.0920405387878418,3,0.9779022932052612,1
68,0.6603158712387085,0.5399106740951538,0.07938361167907715,0.08985000848770142,3,0.9592393040657043,1
69,0.6637036800384521,0.5427857637405396,0.07818329334259033,0.08496969938278198,3,0.7229263186454773,1
70,0,0,0,0,no obj,0.1,1
71,0,0,0,0,no obj,0.1,1
72,0.668310284614563,0.5389874577522278,0.07267117500305176,0.09265637397766113,3,0.9317337870597839,1
73,0.6694703698158264,0.5399888753890991,0.07419300079345703,0.09338963031768799,3,0.9611535668373108,1
74,0,0,0,0,no obj,0.1,1
75,0.669240415096283,0.5447054505348206,0.07804882526397705,0.08945900201797485,3,0.9667728543281555,1
76,0,0,0,0,no obj,0.1,1
77,0,0,0,0,no obj,0.1,1
78,0.6717806458473206,0.548517107963562,0.07493770122528076,0.09117352962493896,3,0.5162526965141296,1
79,0.6774362325668335,0.5419093370437622,0.0707167387008667,0.09377968311309814,3,0.44809290766716003,1
80,0,0,0,0,no obj,0.1,1
81,0,0,0,0,no obj,0.1,1
82,0,0,0,0,no obj,0.1,1
83,0,0,0,0,no obj,0.1,1
84,0.6763246655464172,0.5493234395980835,0.07946264743804932,0.08373039960861206,3,0.8480632305145264,1
85,0.6793568730354309,0.546312153339386,0.07785046100616455,0.08959454298019409,3,0.9398858547210693,1
86,0.6777170300483704,0.5424755215644836,0.08004164695739746,0.09314066171646118,3,0.943044900894165,1
87,0.6757950782775879,0.545333206653595,0.08442842960357666,0.09574788808822632,3,0.9651901125907898,1
88,0.6067072153091431,0.5590556263923645,0.0808553695678711,0.08364367485046387,3,0.6388756036758423,1
89,0.684283971786499,0.550810694694519,0.08046412467956543,0.08956444263458252,3,0.9030166864395142,1
90,0.6113871932029724,0.5578081011772156,0.0810232162475586,0.08689272403717041,3,0.734566867351532,1
91,0.682815432548523,0.5478197932243347,0.08232903480529785,0.09103679656982422,3,0.7643417716026306,1
91,0.6118507385253906,0.560543417930603,0.07881128787994385,0.0825839638710022,3,0.3527074456214905,1
92,0.6106331944465637,0.5582115054130554,0.0786130428314209,0.08883696794509888,3,0.9729486703872681,1
92,0.6889127492904663,0.5481199622154236,0.08142495155334473,0.09395581483840942,3,0.8511086106300354,1
93,0.6118912100791931,0.5547866225242615,0.0798649787902832,0.08833587169647217,3,0.9123916029930115,1
93,0.6752499938011169,0.543526828289032,0.09655356407165527,0.09251773357391357,3,0.5770816802978516,1
94,0.6133254170417786,0.560185968875885,0.07690107822418213,0.08797562122344971,3,0.9340925812721252,1
94,0.6662002801895142,0.5397998094558716,0.10847890377044678,0.09952777624130249,3,0.7846699953079224,1
95,0.611935019493103,0.5573943853378296,0.079742431640625,0.08385151624679565,3,0.8423280119895935,1
95,0.6870501041412354,0.5442724227905273,0.08341312408447266,0.09525555372238159,3,0.5451518893241882,1
96,0.6653566360473633,0.5388950705528259,0.10563409328460693,0.10242432355880737,3,0.8028964996337891,1
96,0.6328267455101013,0.5438422560691833,0.09613406658172607,0.10057270526885986,3,0.5230792760848999,1
97,0.6137239933013916,0.5578786134719849,0.0813605785369873,0.08975791931152344,3,0.8574301600456238,1
98,0.6167347431182861,0.5564416646957397,0.08265125751495361,0.08862727880477905,3,0.8783333897590637,1
98,0.6901326775550842,0.5493410229682922,0.08302557468414307,0.09729504585266113,3,0.8641194701194763,1
99,0.6140705943107605,0.5549036860466003,0.08710432052612305,0.09042918682098389,3,0.9690760374069214,1
99,0.6968135237693787,0.5483496189117432,0.07833099365234375,0.09310805797576904,3,0.8371297121047974,1
