0,0.6944853067398071,0.49746519327163696,0.30551469326019287,0.38330256938934326,3,0.9956953525543213,1
1,0.69870924949646,0.5042067170143127,0.30129075050354004,0.38888585567474365,3,0.9965311884880066,1
2,0.7122793197631836,0.4955344796180725,0.2818700075149536,0.4176112413406372,3,0.9913012385368347,1
3,0.7131149768829346,0.5061650276184082,0.28190672397613525,0.4123471975326538,3,0.9961704611778259,1
4,0.7153273224830627,0.4991975426673889,0.2752389907836914,0.4333782196044922,3,0.9986221790313721,1
5,0.7131629586219788,0.49515649676322937,0.28084373474121094,0.435769647359848,3,0.9951357245445251,1
6,0.7210166454315186,0.4982355535030365,0.27161872386932373,0.4375012218952179,3,0.9966669678688049,1
7,0.7241945266723633,0.49808111786842346,0.27281200885772705,0.45850011706352234,3,0.9959573149681091,1
8,0.7256335616111755,0.4970453083515167,0.2727407217025757,0.4492189586162567,3,0.9969133138656616,1
9,0.737326979637146,0.4909992218017578,0.2624397277832031,0.46203118562698364,3,0.9963995218276978,1
10,0.7342963218688965,0.5041704177856445,0.2657036781311035,0.4500463604927063,3,0.9922488927841187,1
11,0.7319679856300354,0.49584653973579407,0.2680320143699646,0.47087863087654114,3,0.9955669045448303,1
12,0.7390215992927551,0.49086794257164,0.2558497190475464,0.46454915404319763,3,0.9914780259132385,1
13,0.7392125129699707,0.49462223052978516,0.2566390037536621,0.4446825385093689,3,0.9973835349082947,1
14,0.7482982873916626,0.4861305058002472,0.2517017126083374,0.47141310572624207,3,0.9948141574859619,1
15,0.7482631206512451,0.48835310339927673,0.24736428260803223,0.45170071721076965,3,0.9967613816261292,1
16,0.7542776465415955,0.4848843216896057,0.2382519245147705,0.45338839292526245,3,0.9981938004493713,1
17,0.5888761281967163,0.47941938042640686,0.40121567249298096,0.44891420006752014,3,0.7923462986946106,1
17,0.7437996864318848,0.49141421914100647,0.24994468688964844,0.43364956974983215,3,0.763222873210907,1
18,0.7630401253700256,0.482589989900589,0.23202776908874512,0.46207889914512634,3,0.9966919422149658,1
19,0.7646914124488831,0.48063719272613525,0.2306293249130249,0.45933622121810913,3,0.9975537657737732,1
20,0.7715250253677368,0.47925272583961487,0.22114896774291992,0.454794317483902,3,0.9973015189170837,1
21,0.556365966796875,0.4801029562950134,0.43223440647125244,0.4239475727081299,3,0.7779608368873596,1
22,0.7773285508155823,0.4978453814983368,0.22019028663635254,0.40955284237861633,3,0.9981139898300171,1
23,0.4782821238040924,0.48791468143463135,0.515679806470871,0.4223547577857971,3,0.7528997659683228,1
24,0.7934457063674927,0.4978335201740265,0.20589232444763184,0.4195127785205841,3,0.9972543120384216,1
25,0.7928317785263062,0.49100998044013977,0.20052993297576904,0.4370481073856354,3,0.9922762513160706,1
26,0.8021612167358398,0.4975548982620239,0.19014990329742432,0.42345350980758667,3,0.9960587024688721,1
27,0.7937336564064026,0.49685701727867126,0.19916880130767822,0.41378656029701233,3,0.9865307211875916,1
28,0.8066246509552002,0.5047692656517029,0.1930525302886963,0.41214102506637573,3,0.9770345091819763,1
29,0.7851921916007996,0.4986627995967865,0.20564544200897217,0.45799586176872253,3,0.9509565234184265,1
29,0.5115780830383301,0.5157306790351868,0.4768857955932617,0.43753302097320557,3,0.5185259580612183,1
30,0.8179135918617249,0.5213689804077148,0.1781085729598999,0.4064542055130005,3,0.9878641963005066,1
31,0.8263577818870544,0.5275924205780029,0.168859601020813,0.409298300743103,3,0.8410987854003906,1
32,0.4684771001338959,0.5095707774162292,0.5315228998661041,0.41875529289245605,3,0.7649021744728088,1
33,0.8213956952095032,0.5393222570419312,0.17800533771514893,0.4046210050582886,3,0.8803369998931885,1
34,0.8401539325714111,0.5739564299583435,0.15628528594970703,0.373258113861084,3,0.987695574760437,1
35,0.8507215976715088,0.5956043601036072,0.1436326503753662,0.3681877851486206,3,0.9933406710624695,1
36,0.8570736050605774,0.6016905903816223,0.13822340965270996,0.352011501789093,3,0.9916492700576782,1
37,0.8607016205787659,0.6116469502449036,0.13586676120758057,0.3502642512321472,3,0.9882821440696716,1
38,0.8697737455368042,0.6221616268157959,0.1262575387954712,0.3426051735877991,3,0.9958220720291138,1
39,0.8822129964828491,0.6442866921424866,0.11410701274871826,0.32175225019454956,3,0.9926540851593018,1
40,0.8872129321098328,0.6451209187507629,0.10804307460784912,0.33060985803604126,3,0.9922124743461609,1
41,0,0,0,0,no obj,0.1,1
42,0.9066765904426575,0.6540636420249939,0.09092521667480469,0.34005600214004517,3,0.9470233917236328,1
43,0.9181879758834839,0.6661229729652405,0.08181202411651611,0.3148455023765564,3,0.9770958423614502,1
43,0.6477327942848206,0.5319971442222595,0.07290887832641602,0.08958518505096436,3,0.9422107934951782,1
43,0.48871204257011414,0.7773629426956177,0.5065201818943024,0.19566184282302856,3,0.5384283661842346,1
44,0.933491587638855,0.6615117788314819,0.0650780200958252,0.33848822116851807,3,0.9516798853874207,1
45,0.9318466186523438,0.6742193698883057,0.06812453269958496,0.29847681522369385,3,0.9937119483947754,1
46,0,0,0,0,no obj,0.1,1
47,0,0,0,0,no obj,0.1,1
48,0.6443359851837158,0.5349630117416382,0.07996344566345215,0.08767068386077881,3,0.9196041822433472,1
49,0.645141065120697,0.532832145690918,0.08187699317932129,0.09048503637313843,3,0.9214829206466675,1
50,0.651968777179718,0.5314576625823975,0.07239186763763428,0.09153330326080322,3,0.9208704829216003,1
51,0,0,0,0,no obj,0.1,1
52,0.645063579082489,0.5359519124031067,0.0838620662689209,0.08771854639053345,3,0.9698944091796875,1
53,0,0,0,0,no obj,0.1,1
54,0.6550627946853638,0.5367044806480408,0.07778453826904297,0.08644074201583862,3,0.7457171082496643,1
55,0.6553994417190552,0.53565514087677,0.07652819156646729,0.08879119157791138,3,0.9715684056282043,1
56,0.6499068737030029,0.5420443415641785,0.08295750617980957,0.08320099115371704,3,0.9791810512542725,1
57,0.653317391872406,0.5408897399902344,0.07856106758117676,0.08764809370040894,3,0.9828879833221436,1
58,0.6588183045387268,0.5390913486480713,0.07524633407592773,0.08908617496490479,3,0.9822458028793335,1
59,0.6512786149978638,0.5399448275566101,0.07950794696807861,0.08773767948150635,3,0.9897973537445068,1
60,0,0,0,0,no obj,0.1,1
61,0,0,0,0,no obj,0.1,1
62,0.6548256874084473,0.5440889596939087,0.08168160915374756,0.08034545183181763,3,0.988871157169342,1
63,0.6590334177017212,0.5426301956176758,0.07816493511199951,0.08571666479110718,3,0.9877457022666931,1
64,0,0,0,0,no obj,0.1,1
65,0.6605333089828491,0.5400212407112122,0.07942509651184082,0.08219003677368164,3,0.9907119870185852,1
66,0.6631532907485962,0.5295210480690002,0.07849693298339844,0.09380394220352173,3,0.98435378074646,1
67,0.6621207594871521,0.5393288731575012,0.07853734493255615,0.08656096458435059,3,0.9801968336105347,1
68,0.6620792746543884,0.5390670299530029,0.07840859889984131,0.08997988700866699,3,0.985318660736084,1
69,0.663213312625885,0.5319337844848633,0.08147597312927246,0.09764015674591064,3,0.9269278645515442,1
70,0.6647958755493164,0.5374369025230408,0.07824671268463135,0.09320777654647827,3,0.9309183955192566,1
71,0.6688645482063293,0.5380187034606934,0.07629132270812988,0.0938611626625061,3,0.981904923915863,1
72,0.6668397784233093,0.5341002941131592,0.07801806926727295,0.09848558902740479,3,0.9829651713371277,1
73,0,0,0,0,no obj,0.1,1
74,0.6662321090698242,0.5427135229110718,0.07806241512298584,0.08792316913604736,3,0.9093264937400818,1
75,0.6655871272087097,0.5408898591995239,0.07885169982910156,0.09030318260192871,3,0.4428097903728485,1
76,0,0,0,0,no obj,0.1,1
77,0,0,0,0,no obj,0.1,1
78,0,0,0,0,no obj,0.1,1
79,0,0,0,0,no obj,0.1,1
80,0.676192581653595,0.5496730804443359,0.07683086395263672,0.09095954895019531,3,0.6956994533538818,1
81,0.6718830466270447,0.5462879538536072,0.07779872417449951,0.0867149829864502,3,0.6951642632484436,1
82,0.6720508337020874,0.5418984293937683,0.08011138439178467,0.09664595127105713,3,0.7846176624298096,1
83,0.6789231896400452,0.5428845286369324,0.07570087909698486,0.08804893493652344,3,0.9518166780471802,1
84,0,0,0,0,no obj,0.1,1
85,0.6745280623435974,0.5433149337768555,0.07970666885375977,0.0906645655632019,3,0.8206087946891785,1
86,0.6744116544723511,0.5459675788879395,0.08119487762451172,0.09048295021057129,3,0.9602547883987427,1
87,0.6051524877548218,0.5524120330810547,0.07758557796478271,0.08514386415481567,3,0.9841393232345581,1
87,0.6795394420623779,0.5498254895210266,0.07976925373077393,0.0896601676940918,3,0.8832191824913025,1
88,0.6095767021179199,0.5567076206207275,0.07840085029602051,0.08523356914520264,3,0.9891031980514526,1
88,0.6834135055541992,0.5487324595451355,0.07895529270172119,0.09070384502410889,3,0.43370622396469116,1
89,0.6096108555793762,0.556725800037384,0.07979452610015869,0.08654588460922241,3,0.7105498909950256,1
89,0.6764332056045532,0.544348955154419,0.0841822624206543,0.09797549247741699,3,0.5208592414855957,1
90,0.6063182950019836,0.5516502261161804,0.07865524291992188,0.08594435453414917,3,0.9803909063339233,1
90,0.6854297518730164,0.5460912585258484,0.07683229446411133,0.08859378099441528,3,0.5908679962158203,1
91,0.6070411205291748,0.5504463315010071,0.07786595821380615,0.0883600115776062,3,0.9825922250747681,1
91,0.6883221864700317,0.5446470379829407,0.07468557357788086,0.09220874309539795,3,0.5482279062271118,1
92,0.6101308465003967,0.5557131767272949,0.07906937599182129,0.08504229784011841,3,0.9905969500541687,1
92,0.6585668325424194,0.5347991585731506,0.10935306549072266,0.10362136363983154,3,0.6526078581809998,1
93,0.6114094853401184,0.5529896020889282,0.07727217674255371,0.08503222465515137,3,0.9715757966041565,1
93,0.68592768907547,0.5377762317657471,0.08227729797363281,0.09892803430557251,3,0.7442612648010254,1
94,0.6101168394088745,0.5523697137832642,0.08120739459991455,0.09003227949142456,3,0.9890880584716797,1
94,0.6499221920967102,0.5399293899536133,0.11884260177612305,0.09626466035842896,3,0.8343016505241394,1
95,0.6109532713890076,0.5538480877876282,0.08116495609283447,0.09041720628738403,3,0.9889057874679565,1
95,0.6643253564834595,0.5450550317764282,0.10250973701477051,0.09497153759002686,3,0.667626142501831,1
96,0.6122984290122986,0.5539370775222778,0.08273744583129883,0.09140712022781372,3,0.9938790798187256,1
96,0.6638726592063904,0.5394209027290344,0.10368168354034424,0.10201549530029297,3,0.8701809644699097,1
97,0.6111137866973877,0.5507672429084778,0.08186519145965576,0.09258133172988892,3,0.9953140020370483,1
97,0.6864734888076782,0.5488379001617432,0.08167803287506104,0.09145987033843994,3,0.8966938853263855,1
98,0.6118625402450562,0.551965594291687,0.08652663230895996,0.09630459547042847,3,0.9924058318138123,1
98,0.6727882027626038,0.5475756525993347,0.09511470794677734,0.09396117925643921,3,0.7843392491340637,1
99,0.6133629083633423,0.5558336973190308,0.08672499656677246,0.09204846620559692,3,0.9870218634605408,1
99,0.6542761325836182,0.5440473556518555,0.1169809103012085,0.09812861680984497,3,0.9266188144683838,1
