0,0,0,0,0,no obj,0.1,1
1,0,0,0,0,no obj,0.1,1
2,0,0,0,0,no obj,0.1,1
3,0,0,0,0,no obj,0.1,1
4,0,0,0,0,no obj,0.1,1
5,0,0,0,0,no obj,0.1,1
6,0,0,0,0,no obj,0.1,1
7,0,0,0,0,no obj,0.1,1
8,0,0,0,0,no obj,0.1,1
9,0,0,0,0,no obj,0.1,1
10,0,0,0,0,no obj,0.1,1
11,0,0,0,0,no obj,0.1,1
12,0,0,0,0,no obj,0.1,1
13,0,0,0,0,no obj,0.1,1
14,0,0,0,0,no obj,0.1,1
15,0,0,0,0,no obj,0.1,1
16,0,0,0,0,no obj,0.1,1
17,0,0,0,0,no obj,0.1,1
18,0,0,0,0,no obj,0.1,1
19,0,0,0,0,no obj,0.1,1
20,0,0,0,0,no obj,0.1,1
21,0,0,0,0,no obj,0.1,1
22,0,0,0,0,no obj,0.1,1
23,0,0,0,0,no obj,0.1,1
24,0,0,0,0,no obj,0.1,1
25,0,0,0,0,no obj,0.1,1
26,0,0,0,0,no obj,0.1,1
27,0,0,0,0,no obj,0.1,1
28,0,0,0,0,no obj,0.1,1
29,0,0,0,0,no obj,0.1,1
30,0,0,0,0,no obj,0.1,1
31,0,0,0,0,no obj,0.1,1
32,0,0,0,0,no obj,0.1,1
33,0,0,0,0,no obj,0.1,1
34,0,0,0,0,no obj,0.1,1
35,0,0,0,0,no obj,0.1,1
36,0,0,0,0,no obj,0.1,1
37,0.6538263559341431,0.4881296157836914,0.13964629173278809,0.12352997064590454,3,0.5722165107727051,1
38,0,0,0,0,no obj,0.1,1
39,0.6602562665939331,0.49084487557411194,0.1263951063156128,0.12321928143501282,3,0.5377805233001709,1
40,0.6502793431282043,0.49070751667022705,0.13602042198181152,0.1300961971282959,3,0.9427587389945984,1
41,0.6764900088310242,0.4835594594478607,0.2349097728729248,0.12599042057991028,3,0.48070257902145386,1
41,0.6865589022636414,0.4886734187602997,0.11302030086517334,0.12355700135231018,3,0.4007698893547058,1
42,0,0,0,0,no obj,0.1,1
43,0,0,0,0,no obj,0.1,1
44,0,0,0,0,no obj,0.1,1
45,0.000991828739643097,0.7820231318473816,0.07007637619972229,0.14702552556991577,3,0.48022645711898804,1
46,0,0,0,0,no obj,0.1,1
47,0,0,0,0,no obj,0.1,1
48,0,0,0,0,no obj,0.1,1
49,0,0,0,0,no obj,0.1,1
50,0,0,0,0,no obj,0.1,1
51,0,0,0,0,no obj,0.1,1
52,0.6480583548545837,0.5364269614219666,0.08033108711242676,0.08579933643341064,3,0.4585360884666443,1
53,0,0,0,0,no obj,0.1,1
54,0,0,0,0,no obj,0.1,1
55,0.6528282761573792,0.5397451519966125,0.0797417163848877,0.08699905872344971,3,0.4522486925125122,1
56,0,0,0,0,no obj,0.1,1
57,0.6547315716743469,0.5392969250679016,0.07610738277435303,0.08673971891403198,3,0.539695680141449,1
58,0.6557903289794922,0.5408974885940552,0.07724261283874512,0.08642786741256714,3,0.5751031041145325,1
59,0,0,0,0,no obj,0.1,1
60,0,0,0,0,no obj,0.1,1
61,0,0,0,0,no obj,0.1,1
62,0,0,0,0,no obj,0.1,1
63,0,0,0,0,no obj,0.1,1
64,0,0,0,0,no obj,0.1,1
65,0,0,0,0,no obj,0.1,1
66,0,0,0,0,no obj,0.1,1
67,0,0,0,0,no obj,0.1,1
68,0,0,0,0,no obj,0.1,1
69,0,0,0,0,no obj,0.1,1
70,0,0,0,0,no obj,0.1,1
71,0,0,0,0,no obj,0.1,1
72,0,0,0,0,no obj,0.1,1
73,0,0,0,0,no obj,0.1,1
74,0,0,0,0,no obj,0.1,1
75,0,0,0,0,no obj,0.1,1
76,0,0,0,0,no obj,0.1,1
77,0,0,0,0,no obj,0.1,1
78,0,0,0,0,no obj,0.1,1
79,0,0,0,0,no obj,0.1,1
80,0,0,0,0,no obj,0.1,1
81,0,0,0,0,no obj,0.1,1
82,0,0,0,0,no obj,0.1,1
83,0.6734105944633484,0.5491121411323547,0.08364725112915039,0.08440202474594116,3,0.5447584986686707,1
84,0,0,0,0,no obj,0.1,1
85,0,0,0,0,no obj,0.1,1
86,0.6028491258621216,0.5542769432067871,0.08038604259490967,0.08538764715194702,3,0.7039230465888977,1
87,0,0,0,0,no obj,0.1,1
88,0,0,0,0,no obj,0.1,1
89,0,0,0,0,no obj,0.1,1
90,0,0,0,0,no obj,0.1,1
91,0,0,0,0,no obj,0.1,1
92,0,0,0,0,no obj,0.1,1
93,0,0,0,0,no obj,0.1,1
94,0,0,0,0,no obj,0.1,1
95,0,0,0,0,no obj,0.1,1
96,0,0,0,0,no obj,0.1,1
97,0.6917770504951477,0.5512539148330688,0.08388018608093262,0.08897972106933594,3,0.8810065388679504,1
98,0,0,0,0,no obj,0.1,1
99,0,0,0,0,no obj,0.1,1
