0,0.6934075355529785,0.5049103498458862,0.3065924644470215,0.3808855414390564,3,0.9945327043533325,1
1,0.6954827904701233,0.5089462399482727,0.30348289012908936,0.3781476616859436,3,0.9969801306724548,1
2,0.7103005051612854,0.49969354271888733,0.2836475372314453,0.41350057721138,3,0.9933464527130127,1
3,0.7141569256782532,0.5028578042984009,0.2840369939804077,0.4219436049461365,3,0.9960373640060425,1
4,0.7243696451187134,0.504840075969696,0.2713397741317749,0.42199957370758057,3,0.9970362186431885,1
5,0.7161470651626587,0.49577391147613525,0.27733874320983887,0.4382135272026062,3,0.9950777292251587,1
6,0.7223225831985474,0.4951554536819458,0.2673705816268921,0.4461645483970642,3,0.997285008430481,1
7,0.724401593208313,0.49936580657958984,0.27092957496643066,0.45164352655410767,3,0.9977649450302124,1
8,0.7264693379402161,0.4946388602256775,0.26986098289489746,0.4562656879425049,3,0.9977450370788574,1
9,0.739794135093689,0.49235615134239197,0.25490498542785645,0.465427428483963,3,0.9977830052375793,1
10,0.7344995141029358,0.4999385476112366,0.2654803991317749,0.46225112676620483,3,0.9938887357711792,1
11,0.7382709383964539,0.49381405115127563,0.26057565212249756,0.4668726325035095,3,0.9947699904441833,1
12,0.7341147065162659,0.4890574514865875,0.2608795166015625,0.4771338403224945,3,0.9916749596595764,1
13,0.7342932820320129,0.4953196346759796,0.2568279504776001,0.43843963742256165,3,0.9972655773162842,1
14,0.7423678636550903,0.4912099242210388,0.25763213634490967,0.4591829180717468,3,0.9936089515686035,1
14,0.5831196904182434,0.49074119329452515,0.40131962299346924,0.4192095994949341,3,0.4983542561531067,1
15,0.7487553954124451,0.4856075644493103,0.24742519855499268,0.4603802561759949,3,0.9972928166389465,1
16,0.7507673501968384,0.4922105371952057,0.24038457870483398,0.4373909533023834,3,0.9982354640960693,1
17,0.740506112575531,0.48191866278648376,0.25742101669311523,0.44265249371528625,3,0.9672755002975464,1
18,0.765468418598175,0.484496533870697,0.23453158140182495,0.40800637006759644,3,0.993906557559967,1
19,0.767027735710144,0.48520946502685547,0.2320336103439331,0.40691399574279785,3,0.996349573135376,1
20,0.7675755023956299,0.4813448488712311,0.22959470748901367,0.4530138671398163,3,0.9912187457084656,1
21,0.7476932406425476,0.48826244473457336,0.24844157695770264,0.43059590458869934,3,0.9442687630653381,1
21,0.5735579133033752,0.4937690198421478,0.40958523750305176,0.4144119918346405,3,0.5625650882720947,1
22,0.7739794850349426,0.48951810598373413,0.2242751121520996,0.4097842574119568,3,0.9767806529998779,1
22,0.5010396242141724,0.473001629114151,0.49169087409973145,0.4298640787601471,3,0.7843860387802124,1
23,0.47906696796417236,0.4693334400653839,0.5035300254821777,0.4333696663379669,3,0.8175075054168701,1
24,0.7906503081321716,0.49686288833618164,0.20929455757141113,0.4288088083267212,3,0.9987216591835022,1
25,0.7860480546951294,0.49042728543281555,0.21156597137451172,0.44016632437705994,3,0.9952616691589355,1
26,0.79225754737854,0.5064845681190491,0.20111918449401855,0.4166935682296753,3,0.9950526356697083,1
27,0.7685593366622925,0.48537859320640564,0.22218477725982666,0.44875940680503845,3,0.9072616100311279,1
27,0.4430257976055145,0.49070051312446594,0.5569742023944855,0.44633927941322327,3,0.4452485740184784,1
28,0.8031716346740723,0.5097156763076782,0.19611942768096924,0.4012163281440735,3,0.9784971475601196,1
29,0.8145195841789246,0.5033226013183594,0.18317627906799316,0.4410099387168884,3,0.9708268642425537,1
30,0.8098170161247253,0.511492133140564,0.1860198974609375,0.40254831314086914,3,0.949977695941925,1
31,0.45184525847435,0.4939796030521393,0.5383453667163849,0.4286034405231476,3,0.4915539622306824,1
32,0.5411940813064575,0.531965434551239,0.4461805820465088,0.42752331495285034,3,0.5023200511932373,1
33,0.8165943026542664,0.532619833946228,0.18339037895202637,0.4002923369407654,3,0.9141152501106262,1
33,0.5742486119270325,0.5336182117462158,0.40132665634155273,0.4175646901130676,3,0.45201700925827026,1
34,0.8224836587905884,0.5594215989112854,0.1736924648284912,0.3879302740097046,3,0.8468233346939087,1
35,0.8528617024421692,0.5747672915458679,0.14580118656158447,0.3828846216201782,3,0.9497036337852478,1
36,0,0,0,0,no obj,0.1,1
37,0.863726019859314,0.6121319532394409,0.13040828704833984,0.34784847497940063,3,0.9938562512397766,1
38,0.8722259402275085,0.6190864443778992,0.12430524826049805,0.3421671390533447,3,0.9927822351455688,1
39,0.8734702467918396,0.6227462887763977,0.1207728385925293,0.3502742648124695,3,0.9827178120613098,1
40,0.8859575986862183,0.6277724504470825,0.10910630226135254,0.3482382893562317,3,0.9727022051811218,1
41,0,0,0,0,no obj,0.1,1
42,0.9066634774208069,0.6492056846618652,0.09107458591461182,0.3392432928085327,3,0.9662678837776184,1
43,0.9157407283782959,0.6569644808769226,0.08308911323547363,0.3265342116355896,3,0.9829061031341553,1
43,0.6436266899108887,0.5337098240852356,0.07835042476654053,0.08911138772964478,3,0.9300267696380615,1
44,0.9285173416137695,0.6721728444099426,0.07148265838623047,0.3162962794303894,3,0.9919524788856506,1
44,0.6398779153823853,0.5343103408813477,0.08045065402984619,0.08638858795166016,3,0.9686943292617798,1
44,0.4848324656486511,0.768090546131134,0.5151675343513489,0.20681476593017578,3,0.5708317756652832,1
45,0.9341007471084595,0.6739770770072937,0.06457126140594482,0.29954731464385986,3,0.991491973400116,1
46,0.9419608116149902,0.6750779747962952,0.05696392059326172,0.29808974266052246,3,0.9062979817390442,1
47,0,0,0,0,no obj,0.1,1
48,0.6476790308952332,0.5337322354316711,0.07642364501953125,0.0902218222618103,3,0.9382860064506531,1
49,0,0,0,0,no obj,0.1,1
50,0,0,0,0,no obj,0.1,1
51,0,0,0,0,no obj,0.1,1
52,0,0,0,0,no obj,0.1,1
53,0,0,0,0,no obj,0.1,1
54,0.6553093194961548,0.5376126766204834,0.07618176937103271,0.0885048508644104,3,0.8391801714897156,1
55,0.6551114320755005,0.536857545375824,0.07631337642669678,0.08693253993988037,3,0.9818398356437683,1
56,0,0,0,0,no obj,0.1,1
57,0.6496226787567139,0.5394724011421204,0.08193111419677734,0.08893615007400513,3,0.9889960289001465,1
58,0.6572790741920471,0.5374143123626709,0.07590556144714355,0.08787405490875244,3,0.9848271608352661,1
59,0.6498422622680664,0.538534939289093,0.08062529563903809,0.08775025606155396,3,0.9786350131034851,1
60,0.6508876085281372,0.5370723009109497,0.08597111701965332,0.08781737089157104,3,0.9779166579246521,1
61,0,0,0,0,no obj,0.1,1
62,0.6517417430877686,0.5389653444290161,0.0845876932144165,0.08646845817565918,3,0.9914721846580505,1
63,0.6599048376083374,0.5367783904075623,0.07809054851531982,0.0907629132270813,3,0.9927956461906433,1
64,0,0,0,0,no obj,0.1,1
65,0.6607829928398132,0.5416011214256287,0.07868313789367676,0.0832359790802002,3,0.9900946021080017,1
66,0.6624388098716736,0.5357632637023926,0.07674825191497803,0.08986824750900269,3,0.9857118725776672,1
67,0.6641062498092651,0.5345097184181213,0.07849705219268799,0.09168052673339844,3,0.9565759897232056,1
68,0.6634307503700256,0.539393424987793,0.07748448848724365,0.08688420057296753,3,0.9819104075431824,1
69,0.6632017493247986,0.5327627658843994,0.08147978782653809,0.09531092643737793,3,0.9913972616195679,1
70,0.6645581126213074,0.5405162572860718,0.07824575901031494,0.08930259943008423,3,0.9875170588493347,1
71,0.6678476929664612,0.5393251180648804,0.07681906223297119,0.09366059303283691,3,0.9923127293586731,1
72,0.6682097315788269,0.5311500430107117,0.07565796375274658,0.1024399995803833,3,0.9851951003074646,1
73,0.6638215184211731,0.5382303595542908,0.08020663261413574,0.09180951118469238,3,0.6866320967674255,1
74,0.6683125495910645,0.5438292622566223,0.0753483772277832,0.08820104598999023,3,0.7534212470054626,1
75,0.6673066020011902,0.5420770645141602,0.07657909393310547,0.08882713317871094,3,0.5129461884498596,1
76,0,0,0,0,no obj,0.1,1
77,0,0,0,0,no obj,0.1,1
78,0,0,0,0,no obj,0.1,1
79,0,0,0,0,no obj,0.1,1
80,0,0,0,0,no obj,0.1,1
81,0.6727895140647888,0.5437739491462708,0.07747876644134521,0.08712631464004517,3,0.8329140543937683,1
82,0.6755204200744629,0.5486011505126953,0.07774293422698975,0.08696472644805908,3,0.9283127188682556,1
83,0.6777958869934082,0.5401046872138977,0.07549262046813965,0.09580612182617188,3,0.7485213279724121,1
84,0.6753435134887695,0.5490043759346008,0.08096551895141602,0.08347177505493164,3,0.8321141004562378,1
85,0,0,0,0,no obj,0.1,1
86,0.6748785972595215,0.544897198677063,0.08300697803497314,0.08950424194335938,3,0.9153500199317932,1
87,0.6049059629440308,0.5534948706626892,0.07823479175567627,0.08350276947021484,3,0.9721375703811646,1
87,0.6800299882888794,0.5514470338821411,0.07690274715423584,0.08477950096130371,3,0.9024075269699097,1
88,0.6089971661567688,0.5554588437080383,0.07886278629302979,0.08503144979476929,3,0.9904186129570007,1
88,0.6837452054023743,0.5473096966743469,0.07656407356262207,0.09098196029663086,3,0.4032256603240967,1
89,0.6789283752441406,0.5445888042449951,0.08282017707824707,0.09406828880310059,3,0.489952951669693,1
90,0.6072003841400146,0.5518620014190674,0.07839679718017578,0.08555048704147339,3,0.9785267114639282,1
90,0.6837652921676636,0.5460419654846191,0.07688665390014648,0.08603638410568237,3,0.6840143799781799,1
91,0.6080167889595032,0.552121639251709,0.07839643955230713,0.08862614631652832,3,0.9933873414993286,1
91,0.6808692216873169,0.5425412654876709,0.0811011791229248,0.09469592571258545,3,0.7450574040412903,1
92,0.6108660101890564,0.5540998578071594,0.07837462425231934,0.08796310424804688,3,0.9888328313827515,1
92,0.6570196747779846,0.5419914126396179,0.1083059310913086,0.09557592868804932,3,0.8004146218299866,1
93,0.610622763633728,0.551389753818512,0.07717537879943848,0.0863579511642456,3,0.9842315912246704,1
93,0.6808333396911621,0.5385667085647583,0.08519351482391357,0.09489959478378296,3,0.7178434133529663,1
94,0.610694169998169,0.5537335872650146,0.08022737503051758,0.08836203813552856,3,0.9906595945358276,1
94,0.683005690574646,0.5384537577629089,0.08231794834136963,0.09903949499130249,3,0.7356353402137756,1
95,0.6123748421669006,0.5544483065605164,0.07980740070343018,0.09064525365829468,3,0.9915093183517456,1
95,0.6723264455795288,0.543359100818634,0.0943983793258667,0.09619021415710449,3,0.6765623092651367,1
96,0.6121761798858643,0.5529670119285583,0.08156931400299072,0.0917443037033081,3,0.9945757389068604,1
96,0.6556099057197571,0.5371352434158325,0.10878312587738037,0.1043311357498169,3,0.7457011342048645,1
97,0.6130717992782593,0.5540125370025635,0.08053255081176758,0.09165102243423462,3,0.9947476983070374,1
97,0.6890925765037537,0.5459839701652527,0.08117246627807617,0.09728634357452393,3,0.9048993587493896,1
98,0.6134383678436279,0.5523720383644104,0.08633625507354736,0.09490996599197388,3,0.9940981864929199,1
98,0.662156343460083,0.5417434573173523,0.10739290714263916,0.10204809904098511,3,0.9129453897476196,1
99,0.6148568391799927,0.5577990412712097,0.08406031131744385,0.09236747026443481,3,0.9709257483482361,1
99,0.6882728338241577,0.5481262803077698,0.08305132389068604,0.09620040655136108,3,0.8747040629386902,1
