0,0.6934008002281189,0.4953159689903259,0.3065991997718811,0.38624417781829834,3,0.9964964985847473,1
1,0.6992137432098389,0.5013602375984192,0.30078625679016113,0.3883240222930908,3,0.9961483478546143,1
2,0.7099652290344238,0.4956478476524353,0.28407931327819824,0.41356074810028076,3,0.9927458167076111,1
3,0.7146906852722168,0.5032150745391846,0.2753753662109375,0.4222085475921631,3,0.9951561689376831,1
4,0.7194213271141052,0.49934133887290955,0.2752588987350464,0.43528756499290466,3,0.9981744289398193,1
5,0.7145808339118958,0.49629661440849304,0.2795761823654175,0.4383487403392792,3,0.9933552742004395,1
6,0.7237639427185059,0.4979475438594818,0.2730991840362549,0.4443807899951935,3,0.9971386194229126,1
7,0.728400468826294,0.5039324760437012,0.26810431480407715,0.4326469302177429,3,0.9975014328956604,1
8,0.7294684648513794,0.5050017237663269,0.2705315351486206,0.4480637311935425,3,0.9952300786972046,1
9,0.7277010679244995,0.49694719910621643,0.27175235748291016,0.46437540650367737,3,0.9939137101173401,1
10,0.7341420650482178,0.49658510088920593,0.2658579349517822,0.4485490620136261,3,0.9818819165229797,1
11,0.7309385538101196,0.4950968325138092,0.26906144618988037,0.45885905623435974,3,0.9811136722564697,1
12,0.7366865277290344,0.48911136388778687,0.25858843326568604,0.4665607213973999,3,0.9884743094444275,1
13,0.7366442680358887,0.4978311359882355,0.2539013624191284,0.42942097783088684,3,0.9959421753883362,1
14,0.7476806640625,0.48311784863471985,0.24454140663146973,0.47408315539360046,3,0.9982836246490479,1
15,0.7455600500106812,0.48845434188842773,0.25443994998931885,0.4607349634170532,3,0.9973219037055969,1
16,0.7528858780860901,0.48423638939857483,0.2420288324356079,0.448473185300827,3,0.9982024431228638,1
17,0.7453494668006897,0.47906747460365295,0.2546505331993103,0.4271574318408966,3,0.9623011350631714,1
17,0.6013851761817932,0.481279581785202,0.38242828845977783,0.4174799621105194,3,0.8924564719200134,1
18,0.7613075971603394,0.476379930973053,0.23855316638946533,0.4649418592453003,3,0.9915153980255127,1
19,0.7674039006233215,0.4801175892353058,0.23071050643920898,0.45253434777259827,3,0.9962419271469116,1
20,0.7644672989845276,0.48518604040145874,0.22986865043640137,0.4486843943595886,3,0.9861955642700195,1
20,0.4637277126312256,0.49449601769447327,0.5274614095687866,0.3976708948612213,3,0.6379495859146118,1
21,0.760344386100769,0.48706409335136414,0.2384878396987915,0.4132671058177948,3,0.98489910364151,1
22,0.7799495458602905,0.4868564009666443,0.21432828903198242,0.4167313575744629,3,0.9937337040901184,1
22,0.41992154717445374,0.49304813146591187,0.5694354474544525,0.3952316641807556,3,0.5586692094802856,1
23,0.4973488450050354,0.4820959270000458,0.4878917932510376,0.4199664890766144,3,0.8265438675880432,1
24,0.7912883758544922,0.4973299205303192,0.20354712009429932,0.41867467761039734,3,0.9983023405075073,1
25,0.7848771810531616,0.48257118463516235,0.2066131830215454,0.43841105699539185,3,0.9922745823860168,1
26,0.8034570813179016,0.5017514824867249,0.1890544891357422,0.422393798828125,3,0.9966097474098206,1
27,0.7980078458786011,0.49756908416748047,0.1942354440689087,0.4474661946296692,3,0.893222987651825,1
27,0.6081604957580566,0.49689286947250366,0.3711954355239868,0.4453233480453491,3,0.7852252721786499,1
27,0.3242977559566498,0.492353230714798,0.6757022440433502,0.449023574590683,3,0.44409048557281494,1
28,0.5122898817062378,0.5257716774940491,0.48647522926330566,0.40563321113586426,3,0.8499817848205566,1
29,0.8147727847099304,0.5171334743499756,0.1830883026123047,0.4152127504348755,3,0.9284025430679321,1
30,0.8197903037071228,0.5202779769897461,0.1766061782836914,0.41478240489959717,3,0.9923606514930725,1
31,0.8061144351959229,0.528759241104126,0.1921292543411255,0.40139734745025635,3,0.5987983345985413,1
32,0.5778589248657227,0.541871964931488,0.41211605072021484,0.3898118734359741,3,0.6886103749275208,1
33,0.838344931602478,0.5452437996864319,0.16071856021881104,0.4042354226112366,3,0.9815031290054321,1
34,0.8407679200172424,0.5755740404129028,0.15672433376312256,0.3719460368156433,3,0.9736984372138977,1
35,0.8531535267829895,0.5990641713142395,0.14453423023223877,0.3617136478424072,3,0.9823051691055298,1
36,0.855380117893219,0.6027014851570129,0.14037048816680908,0.3530597686767578,3,0.9856870770454407,1
37,0.8628702163696289,0.6078833341598511,0.13221073150634766,0.34938687086105347,3,0.9956871867179871,1
38,0.8695144653320312,0.6168262362480164,0.12658071517944336,0.34410035610198975,3,0.9940896034240723,1
39,0.880867600440979,0.6344650387763977,0.11220896244049072,0.3335285186767578,3,0.9941250085830688,1
40,0.8843314051628113,0.634411633014679,0.11102283000946045,0.3388722538948059,3,0.9913267493247986,1
41,0,0,0,0,no obj,0.1,1
42,0.9044634699821472,0.6463674902915955,0.09500467777252197,0.3483908176422119,3,0.47955673933029175,1
43,0.9173354506492615,0.6686333417892456,0.08266454935073853,0.3167659044265747,3,0.9707311391830444,1
43,0.6479498744010925,0.5299434661865234,0.07211220264434814,0.09017086029052734,3,0.9500867128372192,1
43,0.4795290231704712,0.7749945521354675,0.5204709768295288,0.1964740753173828,3,0.5801669359207153,1
44,0.9358592629432678,0.667537271976471,0.0635901689529419,0.3292481303215027,3,0.9389214515686035,1
45,0.9350332617759705,0.6801349520683289,0.06472647190093994,0.2998982071876526,3,0.9933491349220276,1
46,0.6490822434425354,0.5364395976066589,0.07543933391571045,0.08726286888122559,3,0.972649872303009,1
46,0.9417210221290588,0.6798906326293945,0.0562816858291626,0.2883349657058716,3,0.9170954823493958,1
47,0,0,0,0,no obj,0.1,1
48,0.6457728147506714,0.5371609926223755,0.07883644104003906,0.08550560474395752,3,0.8616433143615723,1
49,0.6447117924690247,0.5406912565231323,0.0821685791015625,0.08229786157608032,3,0.9309137463569641,1
50,0.6488076448440552,0.5291309952735901,0.07777059078216553,0.09340286254882812,3,0.721192479133606,1
51,0,0,0,0,no obj,0.1,1
52,0.6454675197601318,0.5362197756767273,0.0835946798324585,0.08802235126495361,3,0.9203205704689026,1
53,0,0,0,0,no obj,0.1,1
54,0.6553075313568115,0.5368162989616394,0.07734298706054688,0.08683645725250244,3,0.7261955738067627,1
55,0.6535727381706238,0.5369930267333984,0.07918250560760498,0.08718478679656982,3,0.9466317892074585,1
56,0.6498268842697144,0.5411399006843567,0.08333730697631836,0.08416962623596191,3,0.9866661429405212,1
57,0.6532140970230103,0.5393974781036377,0.07792794704437256,0.08864599466323853,3,0.9730049967765808,1
58,0.6573629379272461,0.5399874448776245,0.07837879657745361,0.08833545446395874,3,0.9787920713424683,1
59,0.6507405042648315,0.5399763584136963,0.08128619194030762,0.08725714683532715,3,0.9856313467025757,1
60,0.6578580141067505,0.5384941101074219,0.07870209217071533,0.08571362495422363,3,0.9857699871063232,1
61,0.6530434489250183,0.545404314994812,0.08213436603546143,0.08039307594299316,3,0.9733065366744995,1
62,0.6576210856437683,0.5424964427947998,0.07915961742401123,0.08257484436035156,3,0.9903439283370972,1
63,0.6587246656417847,0.542573094367981,0.07943964004516602,0.08356380462646484,3,0.9829593896865845,1
64,0,0,0,0,no obj,0.1,1
65,0.6609388589859009,0.5363438725471497,0.07843565940856934,0.08662647008895874,3,0.9850708246231079,1
66,0.6620908975601196,0.5338129997253418,0.07821226119995117,0.08849060535430908,3,0.9466220736503601,1
67,0.6626366376876831,0.5384073257446289,0.07701337337493896,0.08771485090255737,3,0.9470409154891968,1
68,0.6628979444503784,0.5384536385536194,0.07768750190734863,0.08910679817199707,3,0.9879773259162903,1
69,0.6637998223304749,0.5328177213668823,0.08064854145050049,0.09450763463973999,3,0.9851680994033813,1
70,0.6635242700576782,0.5359576344490051,0.07973635196685791,0.09333348274230957,3,0.983747661113739,1
71,0.6671205163002014,0.538775622844696,0.07773661613464355,0.09318733215332031,3,0.9712517261505127,1
72,0.666175901889801,0.5335267186164856,0.07778513431549072,0.09644860029220581,3,0.9610669016838074,1
73,0.6650362014770508,0.545555591583252,0.07715451717376709,0.08564263582229614,3,0.419739693403244,1
74,0.6692705154418945,0.5422539114952087,0.07482492923736572,0.08867722749710083,3,0.9016749262809753,1
75,0.6672684550285339,0.5438571572303772,0.07672405242919922,0.08614689111709595,3,0.6411281824111938,1
76,0,0,0,0,no obj,0.1,1
77,0,0,0,0,no obj,0.1,1
78,0,0,0,0,no obj,0.1,1
79,0,0,0,0,no obj,0.1,1
80,0,0,0,0,no obj,0.1,1
81,0.6724367141723633,0.5477595329284668,0.07698976993560791,0.08495330810546875,3,0.8450649380683899,1
82,0.6717077493667603,0.5436868071556091,0.07968580722808838,0.09176003932952881,3,0.8324791789054871,1
83,0.6780799031257629,0.545136570930481,0.07576131820678711,0.08684825897216797,3,0.9542890191078186,1
84,0,0,0,0,no obj,0.1,1
85,0.6737432479858398,0.549160361289978,0.0825033187866211,0.08734017610549927,3,0.760062038898468,1
86,0.6753610372543335,0.5454543232917786,0.08012676239013672,0.09055531024932861,3,0.9684609174728394,1
87,0.6049675345420837,0.5513010621070862,0.07786524295806885,0.08451855182647705,3,0.9827799797058105,1
87,0.6805087327957153,0.5492389798164368,0.08034634590148926,0.08768534660339355,3,0.9176788330078125,1
88,0.6093104481697083,0.5566893219947815,0.07850563526153564,0.08460956811904907,3,0.9859856367111206,1
89,0.6095008850097656,0.5573210120201111,0.07787251472473145,0.08565795421600342,3,0.8907611966133118,1
89,0.6790006160736084,0.5521529912948608,0.08103346824645996,0.0877179503440857,3,0.8007083535194397,1
90,0.6857178807258606,0.5475653409957886,0.07588553428649902,0.08663678169250488,3,0.5674603581428528,1
91,0.6068801879882812,0.5506592392921448,0.07783806324005127,0.08757328987121582,3,0.993977427482605,1
91,0.6870679259300232,0.5449957847595215,0.0782850980758667,0.09121823310852051,3,0.7984706163406372,1
92,0.6110528111457825,0.5546182990074158,0.07776081562042236,0.08721405267715454,3,0.9920023679733276,1
92,0.6566703915596008,0.5370970368385315,0.10999166965484619,0.10070145130157471,3,0.678276002407074,1
93,0.6106591820716858,0.5515750050544739,0.07758498191833496,0.08623760938644409,3,0.9892935752868652,1
93,0.6828277111053467,0.5379088521003723,0.08509421348571777,0.0978735089302063,3,0.783959150314331,1
94,0.61249178647995,0.552850604057312,0.08030986785888672,0.08897775411605835,3,0.9860337376594543,1
94,0.6448997259140015,0.5398305058479309,0.12188839912414551,0.09425902366638184,3,0.8079658150672913,1
95,0.6112692356109619,0.5527463555335999,0.08137178421020508,0.09024131298065186,3,0.9881999492645264,1
95,0.6690225005149841,0.5430542826652527,0.09838700294494629,0.09536570310592651,3,0.7410624623298645,1
96,0.6130038499832153,0.554987907409668,0.08078539371490479,0.09089851379394531,3,0.994455873966217,1
96,0.664426326751709,0.5427306294441223,0.10018730163574219,0.09829574823379517,3,0.8660344481468201,1
97,0.6119365692138672,0.5502898693084717,0.08269309997558594,0.09331202507019043,3,0.9953243136405945,1
97,0.6874677538871765,0.5486012101173401,0.08090412616729736,0.09106963872909546,3,0.8328725099563599,1
98,0.6149694919586182,0.5530157685279846,0.08175027370452881,0.09620749950408936,3,0.9934616088867188,1
98,0.6788484454154968,0.5470919013023376,0.09139060974121094,0.09485745429992676,3,0.5925400257110596,1
99,0.6148448586463928,0.5581115484237671,0.0850604772567749,0.09071320295333862,3,0.9768845438957214,1
99,0.6666690111160278,0.5475143790245056,0.10330080986022949,0.09486579895019531,3,0.8175234198570251,1
