0,0.692750096321106,0.4980006814002991,0.30724990367889404,0.38136523962020874,3,0.9961431622505188,1
1,0.6961585283279419,0.50030916929245,0.3038414716720581,0.39471131563186646,3,0.9953082203865051,1
2,0.7129722833633423,0.49560800194740295,0.28244054317474365,0.41934260725975037,3,0.9928064346313477,1
3,0.6914230585098267,0.500859797000885,0.3000527620315552,0.4202148914337158,3,0.9887873530387878,1
4,0.7164199948310852,0.5014601945877075,0.2765132188796997,0.4306142330169678,3,0.9980929493904114,1
5,0.7162259817123413,0.49724674224853516,0.27629125118255615,0.43211066722869873,3,0.9967159032821655,1
6,0.7205418348312378,0.4994625449180603,0.27359139919281006,0.44544166326522827,3,0.9976006150245667,1
7,0.7212095260620117,0.500739336013794,0.2735285758972168,0.4500580430030823,3,0.9972896575927734,1
8,0.7259947061538696,0.49878746271133423,0.27400529384613037,0.4440077543258667,3,0.9956308603286743,1
9,0.7374632954597473,0.4958367943763733,0.2625367045402527,0.4534035921096802,3,0.9949610233306885,1
10,0.7341461181640625,0.501617968082428,0.2658538818359375,0.4533514380455017,3,0.9892672300338745,1
11,0.7308478355407715,0.49693119525909424,0.2691521644592285,0.45841437578201294,3,0.9932860732078552,1
12,0.7406026124954224,0.4948594868183136,0.2541351318359375,0.4642042815685272,3,0.9918897747993469,1
13,0.7401790618896484,0.49912595748901367,0.25249505043029785,0.4486272931098938,3,0.9966049194335938,1
14,0.745265007019043,0.4845544099807739,0.25473499298095703,0.46657729148864746,3,0.9944891929626465,1
15,0.7488487362861633,0.48683813214302063,0.24677908420562744,0.4482708275318146,3,0.9975634813308716,1
16,0.7542392015457153,0.48471662402153015,0.23767030239105225,0.4499988853931427,3,0.9968670010566711,1
17,0.7352012395858765,0.48685041069984436,0.26479876041412354,0.436644583940506,3,0.8912431001663208,1
17,0.4687268137931824,0.49400702118873596,0.5161226987838745,0.41475537419319153,3,0.4980098605155945,1
18,0.7601602077484131,0.48170456290245056,0.2290360927581787,0.4379442632198334,3,0.9973136782646179,1
19,0.7630994319915771,0.485646516084671,0.2309582233428955,0.45379409193992615,3,0.9979227185249329,1
20,0.7751783728599548,0.4818840026855469,0.2146538496017456,0.43337804079055786,3,0.9964626431465149,1
21,0.620058536529541,0.48985227942466736,0.3727947473526001,0.41386064887046814,3,0.7787731289863586,1
22,0.777902364730835,0.49925947189331055,0.2194502353668213,0.39745962619781494,3,0.9981858134269714,1
23,0.5046418309211731,0.49184170365333557,0.48277878761291504,0.4101218283176422,3,0.6883319020271301,1
24,0.7917265295982361,0.5035292506217957,0.2061154842376709,0.3939412236213684,3,0.9984020590782166,1
25,0.7912902235984802,0.49015966057777405,0.2029482126235962,0.44363322854042053,3,0.9963988065719604,1
26,0.8017992973327637,0.5040042996406555,0.19425880908966064,0.4245481491088867,3,0.9942400455474854,1
27,0.789905846118927,0.4973107874393463,0.20265257358551025,0.4074971377849579,3,0.8997955918312073,1
27,0.6669018268585205,0.5054758191108704,0.3249692916870117,0.4173494577407837,3,0.6582673192024231,1
27,0.41434967517852783,0.4956039786338806,0.5785918235778809,0.4270891547203064,3,0.5454648733139038,1
28,0.809651255607605,0.5045408010482788,0.1848541498184204,0.4042849540710449,3,0.9854524731636047,1
29,0.8069808483123779,0.5117819309234619,0.18584859371185303,0.42214709520339966,3,0.9867798686027527,1
30,0.8178675174713135,0.5192893147468567,0.17921388149261475,0.42170900106430054,3,0.9897682070732117,1
31,0.8267815113067627,0.5290531516075134,0.17015838623046875,0.4095667004585266,3,0.9005343317985535,1
32,0.534757673740387,0.5281050801277161,0.45353424549102783,0.4174635410308838,3,0.766871452331543,1
33,0.827298641204834,0.5368658900260925,0.17144930362701416,0.4058954119682312,3,0.8996356725692749,1
34,0.840613842010498,0.5754086375236511,0.1561373472213745,0.36836177110671997,3,0.98616623878479,1
35,0.8505227565765381,0.57860267162323,0.14856767654418945,0.3782627582550049,3,0.9889483451843262,1
36,0.8550114631652832,0.6099623441696167,0.1408531665802002,0.3406750559806824,3,0.9920799136161804,1
37,0.8640931844711304,0.6143903136253357,0.12936782836914062,0.3447490930557251,3,0.9935243129730225,1
38,0.8698106408119202,0.6211586594581604,0.12660861015319824,0.34541982412338257,3,0.996178150177002,1
39,0.8813557624816895,0.6378979682922363,0.11360454559326172,0.33276766538619995,3,0.9957205653190613,1
40,0.8858683109283447,0.6350120902061462,0.1093742847442627,0.3385277986526489,3,0.9912365674972534,1
41,0,0,0,0,no obj,0.1,1
42,0.908582866191864,0.6528100967407227,0.0901486873626709,0.34408485889434814,3,0.9682773351669312,1
43,0.9186750054359436,0.6553661823272705,0.08064305782318115,0.32721424102783203,3,0.9778727293014526,1
43,0.6479539275169373,0.5323796272277832,0.07329952716827393,0.08919453620910645,3,0.9511886835098267,1
43,0.504283607006073,0.7589296698570251,0.49025607109069824,0.21576958894729614,3,0.6568195223808289,1
44,0.9334782958030701,0.6641193628311157,0.06570303440093994,0.3358806371688843,3,0.9470138549804688,1
45,0.931795597076416,0.6801968216896057,0.06618857383728027,0.2940261960029602,3,0.9827690720558167,1
45,0.6446195244789124,0.5384933948516846,0.07798802852630615,0.08368116617202759,3,0.9509612321853638,1
46,0.9403454661369324,0.6825014352798462,0.05838024616241455,0.2880913019180298,3,0.8783872723579407,1
47,0,0,0,0,no obj,0.1,1
48,0.6471676826477051,0.5340654850006104,0.0773000717163086,0.08821707963943481,3,0.9101130962371826,1
49,0.6454352736473083,0.5394298434257507,0.08131492137908936,0.08335739374160767,3,0.8312678337097168,1
50,0.6510345935821533,0.5308957099914551,0.07408154010772705,0.09169751405715942,3,0.9394334554672241,1
51,0,0,0,0,no obj,0.1,1
52,0.6439037322998047,0.5364058613777161,0.0847247838973999,0.08756494522094727,3,0.9683969616889954,1
53,0,0,0,0,no obj,0.1,1
54,0,0,0,0,no obj,0.1,1
55,0.65645831823349,0.536446750164032,0.07584083080291748,0.08799362182617188,3,0.9786149263381958,1
56,0.6503902673721313,0.5424509644508362,0.0826650857925415,0.08284866809844971,3,0.9810734987258911,1
57,0.6524096131324768,0.5406820178031921,0.07996010780334473,0.08683043718338013,3,0.9859851598739624,1
58,0.6554123759269714,0.5387246608734131,0.07874369621276855,0.08895087242126465,3,0.9840892553329468,1
59,0.6519564390182495,0.5395638346672058,0.07931101322174072,0.08796501159667969,3,0.9888167381286621,1
60,0.6552967429161072,0.5429237484931946,0.08121943473815918,0.08111345767974854,3,0.9766765832901001,1
61,0,0,0,0,no obj,0.1,1
62,0.6563316583633423,0.5442968606948853,0.08009767532348633,0.08143329620361328,3,0.989362895488739,1
63,0.6579368114471436,0.5379781723022461,0.07949304580688477,0.09098011255264282,3,0.9826223850250244,1
64,0,0,0,0,no obj,0.1,1
65,0.65987229347229,0.5390896797180176,0.08068370819091797,0.08374148607254028,3,0.988810658454895,1
66,0.6631170511245728,0.5285394191741943,0.07748425006866455,0.09429699182510376,3,0.9806464910507202,1
67,0.6626930236816406,0.5378594398498535,0.07976996898651123,0.08624225854873657,3,0.962774395942688,1
68,0.6620747447013855,0.5412036180496216,0.07846426963806152,0.08800941705703735,3,0.986283540725708,1
69,0.6633333563804626,0.5322365760803223,0.0814504623413086,0.09478932619094849,3,0.9814051985740662,1
70,0.6662787795066833,0.5351917743682861,0.07728362083435059,0.09222358465194702,3,0.9637129902839661,1
71,0.6693450808525085,0.5390003323554993,0.07560169696807861,0.09234154224395752,3,0.9581059813499451,1
72,0.6677778363227844,0.5341406464576721,0.07672131061553955,0.09798800945281982,3,0.9843044877052307,1
73,0.6636940240859985,0.5441439747810364,0.07999098300933838,0.08716380596160889,3,0.4750644266605377,1
74,0.6666983962059021,0.5409491658210754,0.075042724609375,0.09019869565963745,3,0.8540642261505127,1
75,0.6658474206924438,0.5400769114494324,0.07821309566497803,0.09354454278945923,3,0.468223512172699,1
76,0,0,0,0,no obj,0.1,1
77,0,0,0,0,no obj,0.1,1
78,0,0,0,0,no obj,0.1,1
79,0,0,0,0,no obj,0.1,1
80,0.6758347153663635,0.5440888404846191,0.07819104194641113,0.09703904390335083,3,0.6093036532402039,1
81,0,0,0,0,no obj,0.1,1
82,0.6730641722679138,0.5443671345710754,0.07988095283508301,0.09397798776626587,3,0.8550077676773071,1
83,0,0,0,0,no obj,0.1,1
84,0,0,0,0,no obj,0.1,1
85,0.6739436388015747,0.5439382195472717,0.07934486865997314,0.09033352136611938,3,0.8788473606109619,1
86,0.6740750074386597,0.5449898838996887,0.08209991455078125,0.09123528003692627,3,0.9561632871627808,1
87,0.6784217357635498,0.5502978563308716,0.07798194885253906,0.08919525146484375,3,0.9068901538848877,1
88,0.6056530475616455,0.5556696057319641,0.07862961292266846,0.08445721864700317,3,0.9895210266113281,1
88,0.6843534708023071,0.5498457551002502,0.07802116870880127,0.08910727500915527,3,0.45055678486824036,1
89,0.6111422181129456,0.5565396547317505,0.07678663730621338,0.08563059568405151,3,0.8927386403083801,1
89,0.6777274012565613,0.542873203754425,0.08303380012512207,0.09770792722702026,3,0.7162551283836365,1
90,0.6068669557571411,0.5518523454666138,0.0775449275970459,0.083934485912323,3,0.9721160531044006,1
90,0.6853935122489929,0.544329822063446,0.07712137699127197,0.08906596899032593,3,0.599750280380249,1
91,0.6057928800582886,0.5507624745368958,0.0798954963684082,0.08753156661987305,3,0.9875263571739197,1
91,0.6886078119277954,0.5438930988311768,0.07487714290618896,0.0913432240486145,3,0.7348812818527222,1
92,0.6103672385215759,0.554997980594635,0.07895183563232422,0.0855875015258789,3,0.9889752864837646,1
92,0.6612217426300049,0.5372121930122375,0.10545766353607178,0.10240107774734497,3,0.5557705760002136,1
93,0.6117716431617737,0.5522049069404602,0.07668542861938477,0.08574855327606201,3,0.9856119155883789,1
93,0.689141035079956,0.5384003520011902,0.08041214942932129,0.10040491819381714,3,0.8229134678840637,1
94,0.6102783679962158,0.55263352394104,0.08081567287445068,0.08896845579147339,3,0.9883667826652527,1
94,0.6511350870132446,0.5416945815086365,0.11768233776092529,0.09548509120941162,3,0.7267496585845947,1
95,0.6114591956138611,0.5541365146636963,0.08055424690246582,0.09055060148239136,3,0.9909926652908325,1
95,0.660033106803894,0.5430498123168945,0.10736119747161865,0.09613978862762451,3,0.815930962562561,1
95,0.6251647472381592,0.5479980111122131,0.0924074649810791,0.09592980146408081,3,0.502573549747467,1
96,0.6128552556037903,0.5533378720283508,0.0808873176574707,0.09111303091049194,3,0.9943600296974182,1
96,0.6684095859527588,0.5432232022285461,0.10060739517211914,0.09656357765197754,3,0.8640861511230469,1
97,0.6116610169410706,0.5491681098937988,0.08194684982299805,0.0934174656867981,3,0.9943704009056091,1
97,0.6863659620285034,0.5486763119697571,0.08253931999206543,0.09076553583145142,3,0.7521510124206543,1
98,0.6118884086608887,0.5514777302742004,0.08676683902740479,0.09627324342727661,3,0.9924865961074829,1
98,0.6643412113189697,0.544852077960968,0.10288345813751221,0.09540081024169922,3,0.76738041639328,1
99,0.6130279302597046,0.5545693635940552,0.0866478681564331,0.09292072057723999,3,0.9833547472953796,1
99,0.6562730073928833,0.5443233847618103,0.11403834819793701,0.09907269477844238,3,0.9061203002929688,1
