0,0.7034400105476379,0.6387404203414917,0.15284109115600586,0.15697556734085083,3,0.6255366802215576,1
1,0.7219398021697998,0.48552027344703674,0.2780601978302002,0.3894140422344208,3,0.9685510396957397,1
2,0,0,0,0,no obj,0.1,1
3,0.7173514366149902,0.5073776245117188,0.28264856338500977,0.34885674715042114,3,0.8634141683578491,1
4,0.7284325957298279,0.6515910625457764,0.1846071481704712,0.18470865488052368,3,0.5396871566772461,1
4,0.639115571975708,0.5060105323791504,0.10177457332611084,0.082050621509552,3,0.4599212110042572,1
5,0.7229087352752686,0.5760502219200134,0.27709126472473145,0.3526536226272583,3,0.45441770553588867,1
6,0.6906226873397827,0.5030378699302673,0.30870556831359863,0.40334099531173706,3,0.9555126428604126,1
6,0.4921136498451233,0.4850989580154419,0.4912753105163574,0.40829402208328247,3,0.6112783551216125,1
7,0.7215344905853271,0.5114463567733765,0.27846550941467285,0.39647287130355835,3,0.9897353649139404,1
8,0.722637414932251,0.5023934245109558,0.277362585067749,0.3580705523490906,3,0.7885491847991943,1
9,0.7274790406227112,0.4869936406612396,0.2725209593772888,0.40359756350517273,3,0.9522234797477722,1
10,0.7275046110153198,0.49166902899742126,0.2653632164001465,0.36132970452308655,3,0.9280797839164734,1
10,0.568169355392456,0.47407791018486023,0.411879301071167,0.39973756670951843,3,0.474766343832016,1
11,0.7353844046592712,0.48774999380111694,0.26461559534072876,0.353501558303833,3,0.9891458749771118,1
12,0.727363109588623,0.48621171712875366,0.2633199691772461,0.3550794720649719,3,0.9751754999160767,1
13,0.6987858414649963,0.4784385859966278,0.29840087890625,0.3765169084072113,3,0.7856768369674683,1
14,0.7526805400848389,0.5031933188438416,0.2375202178955078,0.35449832677841187,3,0.47259560227394104,1
15,0.7460435628890991,0.48472514748573303,0.2484358549118042,0.4036720097064972,3,0.9721540212631226,1
15,0.4513661563396454,0.4903225302696228,0.5418393909931183,0.39867866039276123,3,0.47273245453834534,1
16,0.7602773904800415,0.504609227180481,0.22665905952453613,0.33198386430740356,3,0.5039252042770386,1
17,0.7625605463981628,0.48545753955841064,0.23194730281829834,0.38994449377059937,3,0.9896202683448792,1
18,0.7713096141815186,0.48303931951522827,0.21625196933746338,0.3902595639228821,3,0.9908435344696045,1
19,0.7726876139640808,0.4867481589317322,0.22060060501098633,0.35886234045028687,3,0.913632869720459,1
20,0.7687247395515442,0.49246254563331604,0.2277008295059204,0.3487187325954437,3,0.9905065894126892,1
21,0.7625280022621155,0.49205175042152405,0.23381567001342773,0.3514620363712311,3,0.9724959135055542,1
22,0.7763600945472717,0.4841062128543854,0.21771860122680664,0.4010641276836395,3,0.9568555355072021,1
23,0,0,0,0,no obj,0.1,1
24,0.7932395339012146,0.4867919385433197,0.2067604660987854,0.4142245948314667,3,0.963995099067688,1
25,0.8080736994743347,0.4880729913711548,0.190216064453125,0.3912811279296875,3,0.9353386163711548,1
26,0,0,0,0,no obj,0.1,1
27,0.8156037926673889,0.46662452816963196,0.18439620733261108,0.44274166226387024,3,0.5709155201911926,1
28,0.7973738312721252,0.49512970447540283,0.20262616872787476,0.41207218170166016,3,0.9138782024383545,1
29,0,0,0,0,no obj,0.1,1
30,0.8055566549301147,0.5153312683105469,0.19444334506988525,0.37842488288879395,3,0.4730639159679413,1
31,0.8345008492469788,0.5318294167518616,0.1603860855102539,0.4049919843673706,3,0.887723982334137,1
32,0.8302567005157471,0.5346589684486389,0.16974329948425293,0.37265026569366455,3,0.9447104334831238,1
33,0,0,0,0,no obj,0.1,1
34,0.8407912254333496,0.5950227379798889,0.1533815860748291,0.3695652484893799,3,0.9623056650161743,1
35,0.8490238785743713,0.6136624813079834,0.14678454399108887,0.3086344599723816,3,0.9380373358726501,1
36,0.8564749360084534,0.6159957051277161,0.1378324031829834,0.31635236740112305,3,0.983676016330719,1
37,0.855656623840332,0.6066368222236633,0.14166855812072754,0.3249896168708801,3,0.9594939351081848,1
37,0.6301860809326172,0.5352539420127869,0.0791175365447998,0.08516919612884521,3,0.857988715171814,1
38,0.8636999726295471,0.6086503863334656,0.13413584232330322,0.31066030263900757,3,0.9538070559501648,1
39,0.8890932202339172,0.6218905448913574,0.11029314994812012,0.2945184111595154,3,0.6723498702049255,1
40,0,0,0,0,no obj,0.1,1
41,0.8991479873657227,0.6380199193954468,0.09869492053985596,0.28019851446151733,3,0.6423546075820923,1
42,0,0,0,0,no obj,0.1,1
43,0,0,0,0,no obj,0.1,1
44,0,0,0,0,no obj,0.1,1
45,0,0,0,0,no obj,0.1,1
46,0,0,0,0,no obj,0.1,1
47,0,0,0,0,no obj,0.1,1
48,0,0,0,0,no obj,0.1,1
49,0,0,0,0,no obj,0.1,1
50,0,0,0,0,no obj,0.1,1
51,0,0,0,0,no obj,0.1,1
52,0,0,0,0,no obj,0.1,1
53,0,0,0,0,no obj,0.1,1
54,0,0,0,0,no obj,0.1,1
55,0,0,0,0,no obj,0.1,1
56,0,0,0,0,no obj,0.1,1
57,0.6537442803382874,0.5290011763572693,0.08052432537078857,0.09935224056243896,3,0.7539265155792236,1
58,0,0,0,0,no obj,0.1,1
59,0.6530836820602417,0.5449545979499817,0.07996654510498047,0.082125723361969,3,0.9140406250953674,1
60,0,0,0,0,no obj,0.1,1
61,0,0,0,0,no obj,0.1,1
62,0,0,0,0,no obj,0.1,1
63,0.6582921147346497,0.5462331771850586,0.08127701282501221,0.08275890350341797,3,0.9820173382759094,1
64,0,0,0,0,no obj,0.1,1
65,0,0,0,0,no obj,0.1,1
66,0,0,0,0,no obj,0.1,1
67,0.6634063124656677,0.5403097867965698,0.07609736919403076,0.08899348974227905,3,0.8695897459983826,1
68,0.6653174161911011,0.53647780418396,0.0744556188583374,0.0939440131187439,3,0.9755353331565857,1
69,0.6684339046478271,0.5414127111434937,0.0747995376586914,0.08716148138046265,3,0.9814775586128235,1
70,0.6661376357078552,0.542404294013977,0.07695722579956055,0.0871284008026123,3,0.9583860039710999,1
71,0,0,0,0,no obj,0.1,1
72,0,0,0,0,no obj,0.1,1
73,0,0,0,0,no obj,0.1,1
74,0,0,0,0,no obj,0.1,1
75,0.6717977523803711,0.5434159636497498,0.07363474369049072,0.08920902013778687,3,0.6990004777908325,1
76,0,0,0,0,no obj,0.1,1
77,0,0,0,0,no obj,0.1,1
78,0,0,0,0,no obj,0.1,1
79,0,0,0,0,no obj,0.1,1
80,0,0,0,0,no obj,0.1,1
81,0.6769081354141235,0.541834831237793,0.07374191284179688,0.09289032220840454,3,0.4670551121234894,1
82,0,0,0,0,no obj,0.1,1
83,0,0,0,0,no obj,0.1,1
84,0,0,0,0,no obj,0.1,1
85,0,0,0,0,no obj,0.1,1
86,0,0,0,0,no obj,0.1,1
87,0.6828906536102295,0.5463694930076599,0.07929408550262451,0.08686226606369019,3,0.9556992650032043,1
88,0.6060826182365417,0.5572727918624878,0.0813910961151123,0.08545929193496704,3,0.9657462239265442,1
88,0.6839652061462402,0.5537512898445129,0.08217036724090576,0.08361506462097168,3,0.9171576499938965,1
89,0.6052340269088745,0.5584833025932312,0.0857548713684082,0.08698207139968872,3,0.9675837755203247,1
90,0.6072279214859009,0.5568117499351501,0.08421516418457031,0.08239352703094482,3,0.7419086694717407,1
91,0.6847292184829712,0.5500159859657288,0.08080399036407471,0.08240538835525513,3,0.9681571125984192,1
91,0.6093161106109619,0.5583736896514893,0.07892954349517822,0.08273875713348389,3,0.8225521445274353,1
92,0.6860308647155762,0.5494318604469299,0.08104932308197021,0.08458781242370605,3,0.820366621017456,1
93,0.6924005150794983,0.5459719300270081,0.07535016536712646,0.08813053369522095,3,0.8030926585197449,1
94,0.6911840438842773,0.5413077473640442,0.0820695161819458,0.0924413800239563,3,0.9303478598594666,1
94,0.6117098331451416,0.557620644569397,0.0793222188949585,0.08496326208114624,3,0.870627224445343,1
95,0.6890943646430969,0.5423837304115295,0.0783989429473877,0.09626704454421997,3,0.8500672578811646,1
95,0.615924060344696,0.5577136278152466,0.0775899887084961,0.08426547050476074,3,0.8263209462165833,1
96,0.6163905262947083,0.5608162879943848,0.07773971557617188,0.08569896221160889,3,0.9470779895782471,1
96,0.6925609707832336,0.5472482442855835,0.07834899425506592,0.09851646423339844,3,0.9126412868499756,1
97,0.6162177324295044,0.560166597366333,0.08016133308410645,0.08680015802383423,3,0.9836373925209045,1
97,0.6930623650550842,0.549897313117981,0.07712650299072266,0.09088164567947388,3,0.9142827391624451,1
98,0.6166845560073853,0.5618155598640442,0.0832517147064209,0.0881163477897644,3,0.9797613620758057,1
98,0.6925692558288574,0.5548176169395447,0.08248794078826904,0.0907813310623169,3,0.9511845707893372,1
99,0.6941195130348206,0.5464868545532227,0.08018791675567627,0.09559547901153564,3,0.9615457653999329,1
99,0.6169475317001343,0.5619466304779053,0.0843968391418457,0.08461654186248779,3,0.957123339176178,1
