0,0.6969641447067261,0.506554901599884,0.3030358552932739,0.3760347366333008,3,0.9871926307678223,1
1,0.7009642124176025,0.5018800497055054,0.29903578758239746,0.3995745778083801,3,0.995265007019043,1
2,0.7043564319610596,0.5001376271247864,0.29096555709838867,0.4012244939804077,3,0.9925671815872192,1
3,0.7112606763839722,0.5031541585922241,0.2838517427444458,0.41463804244995117,3,0.9929772019386292,1
3,0.6114579439163208,0.5198405981063843,0.07920801639556885,0.09368360042572021,3,0.600615918636322,1
3,0.6145575046539307,0.5080272555351257,0.1047142744064331,0.09001392126083374,3,0.4510141611099243,1
4,0.7105391621589661,0.49632447957992554,0.28316056728363037,0.42827391624450684,3,0.9962192177772522,1
4,0.6143500208854675,0.48746734857559204,0.29630720615386963,0.1280297040939331,3,0.6845798492431641,1
5,0.718947172164917,0.4939059317111969,0.2762792110443115,0.43668660521507263,3,0.993285059928894,1
5,0.6226624250411987,0.490456223487854,0.15598011016845703,0.12609630823135376,3,0.5738639831542969,1
6,0.7200273275375366,0.5004974603652954,0.27430057525634766,0.4299665689468384,3,0.9957435727119446,1
7,0.726205050945282,0.5053943395614624,0.27220070362091064,0.4441065788269043,3,0.9953914880752563,1
8,0.7211570739746094,0.4923497438430786,0.2765558958053589,0.4558253884315491,3,0.9968570470809937,1
9,0.7339080572128296,0.49839454889297485,0.26545941829681396,0.4496176838874817,3,0.9949958324432373,1
10,0.7343273162841797,0.483328253030777,0.2656046152114868,0.48363497853279114,3,0.989683985710144,1
11,0.73972088098526,0.48531097173690796,0.2588765621185303,0.46457546949386597,3,0.9873121976852417,1
12,0.7370551824569702,0.4886355996131897,0.2623080015182495,0.4800296425819397,3,0.992293119430542,1
13,0.734228253364563,0.5039250254631042,0.2626286745071411,0.43690234422683716,3,0.9948128461837769,1
14,0.742953896522522,0.4910466969013214,0.257046103477478,0.45152953267097473,3,0.9879196882247925,1
15,0.7456892728805542,0.49087896943092346,0.2514699697494507,0.4206501543521881,3,0.9902300238609314,1
16,0.7552826404571533,0.4892045259475708,0.22914481163024902,0.42410796880722046,3,0.9968673586845398,1
17,0.7599990367889404,0.48830583691596985,0.23316740989685059,0.4539680778980255,3,0.9868558049201965,1
18,0.7642483115196228,0.48652687668800354,0.23192310333251953,0.44445040822029114,3,0.9891790151596069,1
19,0.7657685279846191,0.47847631573677063,0.22627127170562744,0.4531116783618927,3,0.9960076808929443,1
20,0.7688829302787781,0.4857967793941498,0.22836148738861084,0.3820047080516815,3,0.9888221025466919,1
21,0.7548169493675232,0.480716347694397,0.2388153076171875,0.4250272512435913,3,0.9947624802589417,1
22,0.7845377922058105,0.4925473630428314,0.2072598934173584,0.4263422191143036,3,0.9980840682983398,1
23,0.7737948298454285,0.48742491006851196,0.21668791770935059,0.43128496408462524,3,0.9938936829566956,1
23,0.5590493083000183,0.4891167879104614,0.42191851139068604,0.4268947243690491,3,0.43148505687713623,1
24,0.7858988046646118,0.48566266894340515,0.21010684967041016,0.4151950776576996,3,0.9970734119415283,1
25,0.47688350081443787,0.49949386715888977,0.514088898897171,0.41546115279197693,3,0.7891144752502441,1
25,0.7766481041908264,0.49374860525131226,0.21773409843444824,0.40373164415359497,3,0.7098873257637024,1
26,0.8019801378250122,0.5006996393203735,0.1902143955230713,0.4245392084121704,3,0.9949042797088623,1
27,0.7841024398803711,0.48199740052223206,0.20760250091552734,0.45607998967170715,3,0.934013843536377,1
28,0.8037909269332886,0.4982941448688507,0.19343972206115723,0.4090529978275299,3,0.9761133790016174,1
29,0.8066953420639038,0.5044382214546204,0.18678534030914307,0.4309038519859314,3,0.952193021774292,1
30,0.8206021785736084,0.5141496658325195,0.17835891246795654,0.4140288233757019,3,0.9887561202049255,1
31,0.8247838020324707,0.525849461555481,0.1752161979675293,0.4014241695404053,3,0.9696998000144958,1
32,0.5060290098190308,0.5397281646728516,0.48104310035705566,0.41026848554611206,3,0.6460623741149902,1
32,0.8357119560241699,0.5265864133834839,0.16428804397583008,0.4050746560096741,3,0.5008758306503296,1
33,0.5440032482147217,0.5359024405479431,0.4408454895019531,0.4245947599411011,3,0.6400536298751831,1
33,0.7153547406196594,0.5249037146568298,0.271734356880188,0.4174586534500122,3,0.48153620958328247,1
34,0.5569066405296326,0.5630292892456055,0.4365438222885132,0.4068927764892578,3,0.7218943238258362,1
35,0.8511412143707275,0.5907381176948547,0.1426612138748169,0.3646889328956604,3,0.9882136583328247,1
36,0.8525696992874146,0.5996239185333252,0.14719724655151367,0.362695574760437,3,0.9474500417709351,1
37,0.8623339533805847,0.6159687042236328,0.13720881938934326,0.35475510358810425,3,0.9792388081550598,1
38,0.867282509803772,0.6314929723739624,0.13006150722503662,0.3329252600669861,3,0.9945152401924133,1
39,0.8818028569221497,0.6422240138053894,0.11538422107696533,0.32679682970046997,3,0.9939168095588684,1
40,0.8854882121086121,0.6303368210792542,0.11095738410949707,0.3492022156715393,3,0.989834189414978,1
41,0.8956249356269836,0.64070063829422,0.10123097896575928,0.32865673303604126,3,0.8814417719841003,1
42,0.9077157378196716,0.6539552807807922,0.09129583835601807,0.32104361057281494,3,0.9600836634635925,1
43,0.9157883524894714,0.6537167429924011,0.08303117752075195,0.3340074419975281,3,0.9268150925636292,1
43,0.40152522921562195,0.5734208226203918,0.598474770784378,0.3789139986038208,3,0.589469313621521,1
43,0.5235556364059448,0.6470006704330444,0.467867374420166,0.33243173360824585,3,0.4926641583442688,1
44,0.9313294291496277,0.6604108214378357,0.06867057085037231,0.33075499534606934,3,0.9602802991867065,1
44,0.27909544110298157,0.6481949687004089,0.7209045588970184,0.32329249382019043,3,0.4197395443916321,1
45,0.9359567761421204,0.6641548871994019,0.06297969818115234,0.30657804012298584,3,0.8149828910827637,1
46,0.940162718296051,0.6668804883956909,0.05885350704193115,0.3106977939605713,3,0.5543551445007324,1
47,0,0,0,0,no obj,0.1,1
48,0.6490609049797058,0.5359439849853516,0.07574224472045898,0.08960938453674316,3,0.9289609789848328,1
49,0,0,0,0,no obj,0.1,1
50,0,0,0,0,no obj,0.1,1
51,0,0,0,0,no obj,0.1,1
52,0,0,0,0,no obj,0.1,1
53,0.6481083631515503,0.5380178689956665,0.07923102378845215,0.08485621213912964,3,0.9659454226493835,1
54,0,0,0,0,no obj,0.1,1
55,0.6497147679328918,0.5382398962974548,0.08198964595794678,0.08602797985076904,3,0.9806453585624695,1
56,0,0,0,0,no obj,0.1,1
57,0.6535910367965698,0.5398961305618286,0.07740414142608643,0.08608222007751465,3,0.9739710092544556,1
58,0,0,0,0,no obj,0.1,1
59,0,0,0,0,no obj,0.1,1
60,0.6585459113121033,0.5407310724258423,0.0775747299194336,0.08546733856201172,3,0.9436339139938354,1
61,0.6567887663841248,0.5427875518798828,0.07910728454589844,0.08583301305770874,3,0.9517177939414978,1
62,0.6557024121284485,0.5442308187484741,0.08038485050201416,0.08157485723495483,3,0.8663769960403442,1
63,0.6579352617263794,0.5473526120185852,0.08130180835723877,0.08317714929580688,3,0.9770877361297607,1
64,0,0,0,0,no obj,0.1,1
65,0,0,0,0,no obj,0.1,1
66,0,0,0,0,no obj,0.1,1
67,0.660460889339447,0.5372101664543152,0.08136141300201416,0.09114181995391846,3,0.9476389288902283,1
68,0.6650723218917847,0.5345054268836975,0.07717585563659668,0.09238803386688232,3,0.9876435995101929,1
69,0.6644980907440186,0.5363162159919739,0.08026421070098877,0.09178560972213745,3,0.9910649657249451,1
70,0.6621140241622925,0.5365027189254761,0.08259296417236328,0.09299659729003906,3,0.990661084651947,1
71,0.6675536036491394,0.5400585532188416,0.0764310359954834,0.09121865034103394,3,0.9898884892463684,1
72,0.6675264239311218,0.5346500277519226,0.07786822319030762,0.09688091278076172,3,0.9831023812294006,1
73,0.6667632460594177,0.5409968495368958,0.07727134227752686,0.08968371152877808,3,0.7963393926620483,1
74,0.6695656776428223,0.5419496297836304,0.07505786418914795,0.0902593731880188,3,0.9302140474319458,1
75,0.6659805774688721,0.5437477231025696,0.07907366752624512,0.08913183212280273,3,0.7680857181549072,1
76,0,0,0,0,no obj,0.1,1
77,0,0,0,0,no obj,0.1,1
78,0.6682308316230774,0.5511704683303833,0.08009076118469238,0.08323591947555542,3,0.9622628092765808,1
79,0,0,0,0,no obj,0.1,1
80,0.6748058795928955,0.5439490079879761,0.07644534111022949,0.09408307075500488,3,0.5190393328666687,1
81,0,0,0,0,no obj,0.1,1
82,0.6713554263114929,0.5410695672035217,0.08280229568481445,0.09548652172088623,3,0.8649324774742126,1
83,0.6761800050735474,0.5472686886787415,0.08006775379180908,0.08504122495651245,3,0.9710474610328674,1
84,0.6745474934577942,0.5457586050033569,0.08176159858703613,0.08992940187454224,3,0.9362412095069885,1
85,0.6682443022727966,0.5429301857948303,0.08919143676757812,0.09231972694396973,3,0.9581270217895508,1
86,0.6762366890907288,0.5412459373474121,0.08264458179473877,0.09304016828536987,3,0.8903319835662842,1
87,0.6804391741752625,0.5483086705207825,0.0784674882888794,0.08837276697158813,3,0.8881386518478394,1
88,0.679728090763092,0.5462561845779419,0.0813589096069336,0.09250807762145996,3,0.7860680222511292,1
89,0.6074635982513428,0.5556758642196655,0.08019042015075684,0.0853198766708374,3,0.8375930786132812,1
89,0.6771023869514465,0.534350574016571,0.08674967288970947,0.10659056901931763,3,0.6414686441421509,1
90,0.6058030128479004,0.5552015900611877,0.07908880710601807,0.08667343854904175,3,0.9821804761886597,1
90,0.6720258593559265,0.5417736172676086,0.09336364269256592,0.09331780672073364,3,0.8237879276275635,1
91,0.6084262132644653,0.5529268980026245,0.07898938655853271,0.08617180585861206,3,0.9893497228622437,1
91,0.6800814867019653,0.5428910255432129,0.08357536792755127,0.09668141603469849,3,0.8644139170646667,1
92,0.609634280204773,0.5544630289077759,0.07853043079376221,0.08676421642303467,3,0.9931602478027344,1
92,0.684707760810852,0.5401780605316162,0.08032941818237305,0.09523791074752808,3,0.7555108666419983,1
93,0.6096827387809753,0.5525063276290894,0.07843565940856934,0.08636373281478882,3,0.9804721474647522,1
93,0.6882398128509521,0.5391758680343628,0.07955718040466309,0.09962284564971924,3,0.9038584232330322,1
94,0.6092073321342468,0.5562397241592407,0.0798790454864502,0.08661365509033203,3,0.9918254613876343,1
94,0.6575671434402466,0.5416737198829651,0.10960876941680908,0.09434247016906738,3,0.8903270363807678,1
95,0.6105403900146484,0.5561378598213196,0.08029043674468994,0.08757328987121582,3,0.9940086603164673,1
95,0.6814225912094116,0.5448451042175293,0.0870596170425415,0.09600841999053955,3,0.8049405813217163,1
96,0.6122398972511292,0.5543254017829895,0.08037865161895752,0.09268444776535034,3,0.9940513968467712,1
96,0.6730594038963318,0.5439356565475464,0.09599792957305908,0.09728825092315674,3,0.7269580960273743,1
97,0.6127265691757202,0.555563747882843,0.08110439777374268,0.09159564971923828,3,0.993934690952301,1
97,0.6887534260749817,0.5510275959968567,0.08204865455627441,0.09396976232528687,3,0.9418689608573914,1
98,0.6141175627708435,0.556260347366333,0.08242392539978027,0.0949442982673645,3,0.9907335042953491,1
98,0.664516270160675,0.5450358390808105,0.1063159704208374,0.10055607557296753,3,0.8875096440315247,1
99,0.6151292324066162,0.5551644563674927,0.08337926864624023,0.09263724088668823,3,0.9915145635604858,1
99,0.690017819404602,0.5493143200874329,0.08392786979675293,0.09431242942810059,3,0.9314944744110107,1
