0,0.6934298872947693,0.4945581257343292,0.3054307699203491,0.39664319157600403,3,0.9935175180435181,1
1,0.7013705968856812,0.503745973110199,0.29862940311431885,0.38995134830474854,3,0.997134804725647,1
2,0.7134774327278137,0.49729272723197937,0.281380295753479,0.4121643602848053,3,0.9946703314781189,1
3,0.7162867188453674,0.5013672709465027,0.2744729518890381,0.42693614959716797,3,0.9973769187927246,1
4,0.7212601900100708,0.5003558993339539,0.2721308469772339,0.43195676803588867,3,0.9973703622817993,1
5,0.7160369157791138,0.5015349388122559,0.2742445468902588,0.4312695860862732,3,0.9974023699760437,1
6,0.7194072604179382,0.49494272470474243,0.2763172388076782,0.4377378225326538,3,0.9903125762939453,1
7,0.7247797250747681,0.49758052825927734,0.2661780118942261,0.4485208988189697,3,0.9969565868377686,1
8,0.7232984304428101,0.4999542236328125,0.27670156955718994,0.4439506530761719,3,0.9969571828842163,1
9,0.7291661500930786,0.499770849943161,0.25930142402648926,0.45353344082832336,3,0.9968774318695068,1
10,0.7363682389259338,0.4924568235874176,0.26363176107406616,0.4614925682544708,3,0.9901053309440613,1
11,0.7327977418899536,0.49821737408638,0.2615082263946533,0.45903661847114563,3,0.9926127195358276,1
12,0.7277897596359253,0.48770269751548767,0.2646383047103882,0.4648682177066803,3,0.9867772459983826,1
13,0.7234087586402893,0.5052517056465149,0.27654826641082764,0.40897417068481445,3,0.9542345404624939,1
14,0.7531862258911133,0.4866095185279846,0.23778152465820312,0.43947160243988037,3,0.9952669143676758,1
15,0.746842622756958,0.4821600914001465,0.2493267059326172,0.45190179347991943,3,0.9954071044921875,1
16,0.7568021416664124,0.48032113909721375,0.24061524868011475,0.45222875475883484,3,0.9972516894340515,1
17,0.7566418051719666,0.4864179193973541,0.24094367027282715,0.42224517464637756,3,0.9916558265686035,1
17,0.5590160489082336,0.4830283224582672,0.4311647415161133,0.40904340147972107,3,0.4729143977165222,1
18,0.7579673528671265,0.4768528938293457,0.24203264713287354,0.4392507076263428,3,0.9946830868721008,1
19,0.7646906971931458,0.4761904180049896,0.2298600673675537,0.4142896234989166,3,0.9717772006988525,1
19,0.5810537338256836,0.47586044669151306,0.40491724014282227,0.4107210338115692,3,0.33307933807373047,1
20,0.7751676440238953,0.4907294511795044,0.22483235597610474,0.42922472953796387,3,0.9948006868362427,1
21,0.5933805704116821,0.4855419397354126,0.39197540283203125,0.4195072650909424,3,0.7247872948646545,1
21,0.3909471035003662,0.45124325156211853,0.5824747085571289,0.4341314136981964,3,0.38708606362342834,1
21,0.7431958913803101,0.49671173095703125,0.25336170196533203,0.4165375828742981,3,0.31323954463005066,1
22,0.7784956693649292,0.4892784655094147,0.22143340110778809,0.4048711359500885,3,0.9984117746353149,1
23,0.723787784576416,0.48495346307754517,0.2626798152923584,0.4183264970779419,3,0.9024002552032471,1
23,0.5348777770996094,0.47612264752388,0.45761609077453613,0.44407084584236145,3,0.5822460651397705,1
24,0.7933807969093323,0.49423229694366455,0.205047607421875,0.40939873456954956,3,0.9982092380523682,1
25,0.7978229522705078,0.4989788830280304,0.1895970106124878,0.41546276211738586,3,0.9967160224914551,1
26,0.8013235330581665,0.5013340711593628,0.19437921047210693,0.4154126048088074,3,0.9894565939903259,1
27,0.4667760133743286,0.4796570837497711,0.5137460231781006,0.4478008449077606,3,0.8377006649971008,1
28,0.8254490494728088,0.5207130312919617,0.17455095052719116,0.3868706226348877,3,0.9670259952545166,1
29,0.817402720451355,0.5166882276535034,0.17750704288482666,0.43120068311691284,3,0.965711772441864,1
30,0.8199125528335571,0.5271520018577576,0.17931902408599854,0.414650559425354,3,0.9765098094940186,1
31,0.3028460144996643,0.4905988872051239,0.6971539855003357,0.46397313475608826,3,0.4500546157360077,1
32,0.4810590147972107,0.5206824541091919,0.5046200752258301,0.42404693365097046,3,0.5876067876815796,1
33,0.8387727737426758,0.5407386422157288,0.15662825107574463,0.4095876216888428,3,0.9557762145996094,1
34,0.8407036066055298,0.5715357661247253,0.15387213230133057,0.37351489067077637,3,0.9854539632797241,1
35,0.8473768830299377,0.5714436173439026,0.15199434757232666,0.3749300241470337,3,0.972467839717865,1
36,0.8566524982452393,0.5936936736106873,0.1432286500930786,0.3728782534599304,3,0.6227851510047913,1
37,0.8546194434165955,0.6127092838287354,0.1432781219482422,0.35495543479919434,3,0.92527836561203,1
38,0.8716391324996948,0.6210993528366089,0.12419283390045166,0.34646016359329224,3,0.9942949414253235,1
39,0.8813198804855347,0.6398678421974182,0.11544954776763916,0.3290436267852783,3,0.994367778301239,1
40,0.8848605751991272,0.6312244534492493,0.10951340198516846,0.3388332724571228,3,0.9517374038696289,1
41,0.6396114826202393,0.5322451591491699,0.07698214054107666,0.0889120101928711,3,0.9294987320899963,1
42,0.9066517353057861,0.6498284935951233,0.09078121185302734,0.3394387364387512,3,0.9738160371780396,1
43,0.9174440503120422,0.6613333821296692,0.08255594968795776,0.32240062952041626,3,0.984990656375885,1
43,0.6465455889701843,0.530447781085968,0.0739755630493164,0.08948332071304321,3,0.9514945149421692,1
43,0.38431763648986816,0.6160663962364197,0.6156823635101318,0.3409504294395447,3,0.529977560043335,1
43,0.48831647634506226,0.7361004948616028,0.5116835236549377,0.23718929290771484,3,0.525925874710083,1
44,0.9325272440910339,0.6626356244087219,0.0660632848739624,0.32567888498306274,3,0.987362265586853,1
44,0.48588937520980835,0.7698060274124146,0.5141106247901917,0.20649898052215576,3,0.45531347393989563,1
45,0.6478060483932495,0.5363616347312927,0.07535874843597412,0.08658397197723389,3,0.9749454259872437,1
45,0.937882661819458,0.6641460061073303,0.059943437576293945,0.3159652352333069,3,0.8048694729804993,1
46,0.9402520656585693,0.6833269000053406,0.059250593185424805,0.29357874393463135,3,0.927612841129303,1
46,0.6481589078903198,0.5385526418685913,0.0764080286026001,0.08509010076522827,3,0.8584560751914978,1
47,0,0,0,0,no obj,0.1,1
48,0,0,0,0,no obj,0.1,1
49,0,0,0,0,no obj,0.1,1
50,0,0,0,0,no obj,0.1,1
51,0,0,0,0,no obj,0.1,1
52,0.6480069756507874,0.5366528630256653,0.08142244815826416,0.08757394552230835,3,0.9077273607254028,1
53,0,0,0,0,no obj,0.1,1
54,0.6489099860191345,0.5407001376152039,0.08215487003326416,0.08361613750457764,3,0.841133177280426,1
55,0.6512690186500549,0.5374115705490112,0.08108973503112793,0.08649903535842896,3,0.9804916381835938,1
56,0,0,0,0,no obj,0.1,1
57,0.6522642970085144,0.5407832264900208,0.07756948471069336,0.08621841669082642,3,0.990374743938446,1
58,0.6554496884346008,0.5402619242668152,0.07829463481903076,0.08876025676727295,3,0.9868202805519104,1
59,0.6523323655128479,0.5427092909812927,0.07913744449615479,0.0840572714805603,3,0.9866112470626831,1
60,0.6578274369239807,0.5381034016609192,0.07934117317199707,0.08732372522354126,3,0.9137876629829407,1
61,0,0,0,0,no obj,0.1,1
62,0.6549268960952759,0.5413403511047363,0.08357429504394531,0.08675003051757812,3,0.9853038787841797,1
63,0.6563593745231628,0.544559895992279,0.08349609375,0.08167129755020142,3,0.9942401647567749,1
64,0,0,0,0,no obj,0.1,1
65,0.6609445214271545,0.5405305027961731,0.07987463474273682,0.08323746919631958,3,0.9788778424263,1
66,0.6627882719039917,0.5401535034179688,0.07832372188568115,0.08346736431121826,3,0.9923934936523438,1
67,0.6626649498939514,0.5347219705581665,0.08008646965026855,0.09331637620925903,3,0.9631425142288208,1
68,0.6631911396980286,0.536930501461029,0.07962489128112793,0.0922778844833374,3,0.9898058772087097,1
69,0.6642099022865295,0.5374062657356262,0.08057153224945068,0.0915290117263794,3,0.9875450730323792,1
70,0.6645680069923401,0.5334156155586243,0.07963824272155762,0.09616631269454956,3,0.985288679599762,1
71,0.6682959198951721,0.545152485370636,0.07646691799163818,0.08581030368804932,3,0.9181773662567139,1
72,0.6664113998413086,0.5353110432624817,0.07812941074371338,0.09477680921554565,3,0.940342903137207,1
73,0.665788471698761,0.5415849089622498,0.07727622985839844,0.0902320146560669,3,0.7355793118476868,1
74,0.6682418584823608,0.5428875088691711,0.07562911510467529,0.08654612302780151,3,0.8967047929763794,1
75,0.6669437289237976,0.537091851234436,0.07914173603057861,0.09873783588409424,3,0.6432040929794312,1
76,0,0,0,0,no obj,0.1,1
77,0,0,0,0,no obj,0.1,1
78,0,0,0,0,no obj,0.1,1
79,0,0,0,0,no obj,0.1,1
80,0.679399847984314,0.544938325881958,0.07225382328033447,0.09099185466766357,3,0.8877884149551392,1
81,0,0,0,0,no obj,0.1,1
82,0.6776121258735657,0.5463559627532959,0.07569026947021484,0.08920961618423462,3,0.8431965112686157,1
83,0.6744405031204224,0.5462017059326172,0.07895147800445557,0.09139525890350342,3,0.9159156084060669,1
84,0.6619703769683838,0.49114757776260376,0.09448027610778809,0.14661628007888794,3,0.4567990303039551,1
85,0.6698375940322876,0.5483173727989197,0.08571934700012207,0.0907125473022461,3,0.6434814929962158,1
86,0.6756858229637146,0.5480887293815613,0.08023703098297119,0.08767223358154297,3,0.9409012794494629,1
87,0.6032527685165405,0.551757276058197,0.07987856864929199,0.08325427770614624,3,0.9853309392929077,1
87,0.6789782047271729,0.5473291873931885,0.08005940914154053,0.0900341272354126,3,0.8978480696678162,1
88,0.6815491914749146,0.5465732216835022,0.07890844345092773,0.09391868114471436,3,0.7142670154571533,1
89,0.6100789904594421,0.5574331283569336,0.0771934986114502,0.0851973295211792,3,0.923831582069397,1
89,0.6781451106071472,0.5413029789924622,0.08545398712158203,0.09838658571243286,3,0.696844756603241,1
90,0.607538104057312,0.5531474947929382,0.08058595657348633,0.08786994218826294,3,0.9916577935218811,1
90,0.6818508505821228,0.546599268913269,0.07683014869689941,0.08817028999328613,3,0.8747335076332092,1
91,0.6087788343429565,0.5512373447418213,0.07679545879364014,0.08993983268737793,3,0.9901622533798218,1
91,0.6827051043510437,0.550978422164917,0.0801694393157959,0.08713805675506592,3,0.6317053437232971,1
92,0.6101292371749878,0.5551782846450806,0.07732832431793213,0.08642745018005371,3,0.9853627681732178,1
92,0.689109742641449,0.5466192364692688,0.08101308345794678,0.09230512380599976,3,0.7069636583328247,1
93,0.610858142375946,0.5541589856147766,0.07766270637512207,0.08624041080474854,3,0.9852709770202637,1
93,0.6814314723014832,0.5410264134407043,0.08420300483703613,0.09415727853775024,3,0.7819503545761108,1
94,0.6103085875511169,0.5528208613395691,0.080100417137146,0.09030413627624512,3,0.9926857948303223,1
94,0.661865234375,0.5374472141265869,0.10214638710021973,0.10090011358261108,3,0.45199519395828247,1
95,0.6136914491653442,0.5535542368888855,0.07791388034820557,0.08918261528015137,3,0.9920326471328735,1
95,0.6863937973976135,0.5455487966537476,0.08230412006378174,0.09360271692276001,3,0.6951313614845276,1
96,0.6138424277305603,0.5542401671409607,0.07979869842529297,0.09035193920135498,3,0.9935781955718994,1
96,0.6612169742584229,0.5439918637275696,0.1039736270904541,0.0962480902671814,3,0.780842125415802,1
97,0.6125779151916504,0.5530004501342773,0.0813145637512207,0.0932496190071106,3,0.9965444207191467,1
97,0.6671333312988281,0.5477181673049927,0.10337591171264648,0.09532195329666138,3,0.5779718160629272,1
98,0.6136930584907532,0.550682544708252,0.08427345752716064,0.09600257873535156,3,0.9939905405044556,1
98,0.6719889640808105,0.5453007817268372,0.09937489032745361,0.09618282318115234,3,0.7966501116752625,1
99,0.6120871305465698,0.5556923151016235,0.08559703826904297,0.09449362754821777,3,0.9891347885131836,1
99,0.6588491201400757,0.5449764132499695,0.1123737096786499,0.0992879867553711,3,0.8470888137817383,1
